0.000000000000000000e+00 -6.945728019640604600e-01
1.010101010101010187e-02 -5.458771189385512868e-01
2.020202020202020374e-02 -4.931752055714918592e-01
3.030303030303030387e-02 -4.242266528407120374e-01
4.040404040404040747e-02 -5.456436853695419975e-01
5.050505050505051108e-02 -4.735007230943984458e-01
6.060606060606060774e-02 -7.789211809837085498e-01
7.070707070707071829e-02 -4.764490942543137542e-01
8.080808080808081495e-02 -5.749155470746144525e-01
9.090909090909091161e-02 -3.828079823618364408e-01
1.010101010101010222e-01 -6.293536067818533697e-01
1.111111111111111188e-01 -6.263767037131390270e-01
1.212121212121212155e-01 -4.782740707355249699e-01
1.313131313131313260e-01 -6.754112915952956708e-01
1.414141414141414366e-01 -6.013077242602020700e-01
1.515151515151515194e-01 -5.922960007621875800e-01
1.616161616161616299e-01 -7.488147798969483349e-01
1.717171717171717404e-01 -8.111827048041361232e-01
1.818181818181818232e-01 -7.439324598268446387e-01
1.919191919191919338e-01 -8.926706443252512280e-01
2.020202020202020443e-01 -7.585763871444577422e-01
2.121212121212121271e-01 -9.923941845409277596e-01
2.222222222222222376e-01 -1.171800905225254041e+00
2.323232323232323482e-01 -1.383729605529916418e+00
2.424242424242424310e-01 -1.363008273739420462e+00
2.525252525252525415e-01 -1.187946508799975431e+00
2.626262626262626521e-01 -1.156193464367436308e+00
2.727272727272727626e-01 -9.484946677341368204e-01
2.828282828282828731e-01 -8.519273778281941656e-01
2.929292929292929282e-01 -8.375551536749518133e-01
3.030303030303030387e-01 -1.026846282275546418e+00
3.131313131313131493e-01 -1.422148878963719554e+00
3.232323232323232598e-01 -1.411089021579809755e+00
3.333333333333333703e-01 -1.365529375898400621e+00
3.434343434343434809e-01 -1.405077865482934341e+00
3.535353535353535914e-01 -1.329486790800646689e+00
3.636363636363636465e-01 -1.413577004859439379e+00
3.737373737373737570e-01 -1.328381629008001719e+00
3.838383838383838675e-01 -1.356505975047432200e+00
3.939393939393939781e-01 -1.376387435580575191e+00
4.040404040404040886e-01 -1.559446463085280232e+00
4.141414141414141992e-01 -1.311251530147538258e+00
4.242424242424242542e-01 -1.309433111615272871e+00
4.343434343434343647e-01 -1.320799996724615566e+00
4.444444444444444753e-01 -1.237904454167648494e+00
4.545454545454545858e-01 -1.072001526759560397e+00
4.646464646464646964e-01 -9.711090281407037672e-01
4.747474747474748069e-01 -7.198435576176716033e-01
4.848484848484848619e-01 -5.672466494082406552e-01
4.949494949494949725e-01 -9.285260582686131192e-01
5.050505050505050830e-01 -1.095727273824510739e+00
5.151515151515152491e-01 -1.089725656163933909e+00
5.252525252525253041e-01 -1.259792517938768563e+00
5.353535353535353591e-01 -1.363455567959560799e+00
5.454545454545455252e-01 -1.225428156434386739e+00
5.555555555555555802e-01 -7.795478120639937059e-01
5.656565656565657463e-01 -7.970821973347869127e-01
5.757575757575758013e-01 -1.015050598633030043e+00
5.858585858585858563e-01 -8.264383199250319167e-01
5.959595959595960224e-01 -7.829054566740095700e-01
6.060606060606060774e-01 -8.264113625915842087e-01
6.161616161616162435e-01 -9.109437649640040879e-01
6.262626262626262985e-01 -6.740876647827577228e-01
6.363636363636364646e-01 -6.268039824507980473e-01
6.464646464646465196e-01 -6.822325147908963050e-01
6.565656565656565746e-01 -3.393516825772790457e-01
6.666666666666667407e-01 -4.941947044200687977e-01
6.767676767676767957e-01 -4.765101175079062834e-01
6.868686868686869618e-01 -5.486042744723020892e-01
6.969696969696970168e-01 -6.781814026869371625e-01
7.070707070707071829e-01 -7.705254970007456850e-01
7.171717171717172379e-01 -7.670265135917763155e-01
7.272727272727272929e-01 -7.564713949322160458e-01
7.373737373737374590e-01 -7.202378419916573016e-01
7.474747474747475140e-01 -5.772694481503222175e-01
7.575757575757576801e-01 -4.763738392724248816e-01
7.676767676767677351e-01 -5.266686642772956395e-01
7.777777777777777901e-01 -6.335125811961043185e-01
7.878787878787879562e-01 -4.936621240594719073e-01
7.979797979797980112e-01 -3.693159805790602879e-01
8.080808080808081773e-01 -3.174256833869574801e-01
8.181818181818182323e-01 -1.907853599992092586e-01
8.282828282828283983e-01 -1.272735529569744284e-01
8.383838383838384534e-01 -3.704522160614044657e-02
8.484848484848485084e-01 3.455877820134538314e-02
8.585858585858586745e-01 1.590200990910308754e-01
8.686868686868687295e-01 9.043725663036364382e-02
8.787878787878788955e-01 6.211672744490752407e-02
8.888888888888889506e-01 -2.635139860626734346e-02
8.989898989898991166e-01 -5.275440320774672787e-02
9.090909090909091717e-01 -1.936547258828150431e-01
9.191919191919192267e-01 -3.526000202064272782e-01
9.292929292929293927e-01 -3.702516317481895358e-01
9.393939393939394478e-01 -3.483724748039240260e-01
9.494949494949496138e-01 -4.598867063204171157e-01
9.595959595959596689e-01 -3.494555474748733959e-01
9.696969696969697239e-01 -1.895835934809504686e-01
9.797979797979798899e-01 -1.926866932233841923e-01
9.898989898989899450e-01 -1.743050351577717927e-01
1.000000000000000000e+00 -2.255467736507587029e-01
