0.000000000000000000e+00 1.414237897520818965e+00
1.010101010101010187e-02 1.410440191395545328e+00
2.020202020202020374e-02 1.406385785548782463e+00
3.030303030303030387e-02 1.402078392548433694e+00
4.040404040404040747e-02 1.397519829602827945e+00
5.050505050505051108e-02 1.392713595079171363e+00
6.060606060606060774e-02 1.387663186048685215e+00
7.070707070707071829e-02 1.382371583499338419e+00
8.080808080808081495e-02 1.376841450915669673e+00
9.090909090909091161e-02 1.371077061398893848e+00
1.010101010101010222e-01 1.365081809732393570e+00
1.111111111111111188e-01 1.358859026380480950e+00
1.212121212121212155e-01 1.352412469343285295e+00
1.313131313131313260e-01 1.345746812613956678e+00
1.414141414141414366e-01 1.338865303217783298e+00
1.515151515151515194e-01 1.331772140264629201e+00
1.616161616161616299e-01 1.324471837146576902e+00
1.717171717171717404e-01 1.316968664919574650e+00
1.818181818181818232e-01 1.309266599560499955e+00
1.919191919191919338e-01 1.301370882371079230e+00
2.020202020202020443e-01 1.293285099130467186e+00
2.121212121212121271e-01 1.285015048861405607e+00
2.222222222222222376e-01 1.276564756218069752e+00
2.323232323232323482e-01 1.267939527402189404e+00
2.424242424242424310e-01 1.259144089383164467e+00
2.525252525252525415e-01 1.250183822228452479e+00
2.626262626262626521e-01 1.241063393761244971e+00
2.727272727272727626e-01 1.231788507839902680e+00
2.828282828282828731e-01 1.222364381603234351e+00
2.929292929292929282e-01 1.212796188431584765e+00
3.030303030303030387e-01 1.203089659093500741e+00
3.131313131313131493e-01 1.193250550636864471e+00
3.232323232323232598e-01 1.183283714678354137e+00
3.333333333333333703e-01 1.173195777927926509e+00
3.434343434343434809e-01 1.162991901339959000e+00
3.535353535353535914e-01 1.152678029813026139e+00
3.636363636363636465e-01 1.142260295358453304e+00
3.737373737373737570e-01 1.131744784708020868e+00
3.838383838383838675e-01 1.121136917633303476e+00
3.939393939393939781e-01 1.110443273116755725e+00
4.040404040404040886e-01 1.099669931635389730e+00
4.141414141414141992e-01 1.088822725640729905e+00
4.242424242424242542e-01 1.077908443525148252e+00
4.343434343434343647e-01 1.066933273020422401e+00
4.444444444444444753e-01 1.055903071926184378e+00
4.545454545454545858e-01 1.044824676344423109e+00
4.646464646464646964e-01 1.033704523787486007e+00
4.747474747474748069e-01 1.022548810535501618e+00
4.848484848484848619e-01 1.011364019878389753e+00
4.949494949494949725e-01 1.000156764296563638e+00
5.050505050505050830e-01 9.889338386800350378e-01
5.151515151515152491e-01 9.777012180823709819e-01
5.252525252525253041e-01 9.664659269823759891e-01
5.353535353535353591e-01 9.552346702033472914e-01
5.454545454545455252e-01 9.440134556219630380e-01
5.555555555555555802e-01 9.328094919515084182e-01
5.656565656565657463e-01 9.216292582051365256e-01
5.757575757575758013e-01 9.104790528022705942e-01
5.858585858585858563e-01 8.993662246283071759e-01
5.959595959595960224e-01 8.882965535228105614e-01
6.060606060606060774e-01 8.772773711522029449e-01
6.161616161616162435e-01 8.663151788009963994e-01
6.262626262626262985e-01 8.554160947495405010e-01
6.363636363636364646e-01 8.445873424078430558e-01
6.464646464646465196e-01 8.338351894650313234e-01
6.565656565656565746e-01 8.231656998358907185e-01
6.666666666666667407e-01 8.125863009608828014e-01
6.767676767676767957e-01 8.021031880499940314e-01
6.868686868686869618e-01 7.917225450795853936e-01
6.969696969696970168e-01 7.814506899649965588e-01
7.070707070707071829e-01 7.712946541717842219e-01
7.171717171717172379e-01 7.612601282100585065e-01
7.272727272727272929e-01 7.513537417337997626e-01
7.373737373737374590e-01 7.415818588498410691e-01
7.474747474747475140e-01 7.319498553146275288e-01
7.575757575757576801e-01 7.224645096628450336e-01
7.676767676767677351e-01 7.131319652619714233e-01
7.777777777777777901e-01 7.039577653443241934e-01
7.878787878787879562e-01 6.949482187767760388e-01
7.979797979797980112e-01 6.861086413210100154e-01
8.080808080808081773e-01 6.774455019717126047e-01
8.181818181818182323e-01 6.689639278325190119e-01
8.282828282828283983e-01 6.606695417483059440e-01
8.383838383838384534e-01 6.525678508631643782e-01
8.484848484848485084e-01 6.446647592591656650e-01
8.585858585858586745e-01 6.369643649369254312e-01
8.686868686868687295e-01 6.294730667042963690e-01
8.787878787878788955e-01 6.221957524233641124e-01
8.888888888888889506e-01 6.151365347998847266e-01
8.989898989898991166e-01 6.083012457211974811e-01
9.090909090909091717e-01 6.016942014849856468e-01
9.191919191919192267e-01 5.953200273078527172e-01
9.292929292929293927e-01 5.891833547448040997e-01
9.393939393939394478e-01 5.832883487765755381e-01
9.494949494949496138e-01 5.776393282777964044e-01
9.595959595959596689e-01 5.722405155545940980e-01
9.696969696969697239e-01 5.670958742749171444e-01
9.797979797979798899e-01 5.622088472968801431e-01
9.898989898989899450e-01 5.575835587909043767e-01
1.000000000000000000e+00 5.532233556027491561e-01
