0.000000000000000000e+00 -1.760751722403199437e+00
1.010101010101010187e-02 -1.768471272478870482e+00
2.020202020202020374e-02 -1.775858600685773281e+00
3.030303030303030387e-02 -1.782913984279512087e+00
4.040404040404040747e-02 -1.789636884951610218e+00
5.050505050505051108e-02 -1.796027436598799376e+00
6.060606060606060774e-02 -1.802085488490588583e+00
7.070707070707071829e-02 -1.807811826997953064e+00
8.080808080808081495e-02 -1.813207046903753339e+00
9.090909090909091161e-02 -1.818272136777388637e+00
1.010101010101010222e-01 -1.823007791014672030e+00
1.111111111111111188e-01 -1.827415857269941935e+00
1.212121212121212155e-01 -1.831497108316126887e+00
1.313131313131313260e-01 -1.835253648360680723e+00
1.414141414141414366e-01 -1.838687319888549832e+00
1.515151515151515194e-01 -1.841800138073375726e+00
1.616161616161616299e-01 -1.844594388608512547e+00
1.717171717171717404e-01 -1.847072277327993506e+00
1.818181818181818232e-01 -1.849236782938984636e+00
1.919191919191919338e-01 -1.851090829184689035e+00
2.020202020202020443e-01 -1.852636999132184048e+00
2.121212121212121271e-01 -1.853878999676733752e+00
2.222222222222222376e-01 -1.854819786511574309e+00
2.323232323232323482e-01 -1.855463185715142460e+00
2.424242424242424310e-01 -1.855812551243437136e+00
2.525252525252525415e-01 -1.855872361507431512e+00
2.626262626262626521e-01 -1.855646112851409901e+00
2.727272727272727626e-01 -1.855138471008138223e+00
2.828282828282828731e-01 -1.854352927810754448e+00
2.929292929292929282e-01 -1.853295159285608840e+00
3.030303030303030387e-01 -1.851968490498419717e+00
3.131313131313131493e-01 -1.850378756781601464e+00
3.232323232323232598e-01 -1.848530321507478424e+00
3.333333333333333703e-01 -1.846428572340250041e+00
3.434343434343434809e-01 -1.844078167667668078e+00
3.535353535353535914e-01 -1.841484738655478237e+00
3.636363636363636465e-01 -1.838653875822170214e+00
3.737373737373737570e-01 -1.835590081533585716e+00
3.838383838383838675e-01 -1.832300200032965787e+00
3.939393939393939781e-01 -1.828788965649284615e+00
4.040404040404040886e-01 -1.825062490119088388e+00
4.141414141414141992e-01 -1.821126987472804215e+00
4.242424242424242542e-01 -1.816987615217571683e+00
4.343434343434343647e-01 -1.812650920670656696e+00
4.444444444444444753e-01 -1.808123004694686120e+00
4.545454545454545858e-01 -1.803409220450182815e+00
4.646464646464646964e-01 -1.798517020681468015e+00
4.747474747474748069e-01 -1.793451552246650316e+00
4.848484848484848619e-01 -1.788219453001926196e+00
4.949494949494949725e-01 -1.782827352078786509e+00
5.050505050505050830e-01 -1.777281309757879901e+00
5.151515151515152491e-01 -1.771587423261048455e+00
5.252525252525253041e-01 -1.765752480788379986e+00
5.353535353535353591e-01 -1.759782723167220286e+00
5.454545454545455252e-01 -1.753685074822505019e+00
5.555555555555555802e-01 -1.747464971966036007e+00
5.656565656565657463e-01 -1.741129559030758944e+00
5.757575757575758013e-01 -1.734684924145510898e+00
5.858585858585858563e-01 -1.728137605514816100e+00
5.959595959595960224e-01 -1.721493790850965988e+00
6.060606060606060774e-01 -1.714760140229945495e+00
6.161616161616162435e-01 -1.707942719853598135e+00
6.262626262626262985e-01 -1.701047547208568655e+00
6.363636363636364646e-01 -1.694081469829680886e+00
6.464646464646465196e-01 -1.687050375074876429e+00
6.565656565656565746e-01 -1.679960250980152336e+00
6.666666666666667407e-01 -1.672817185420264030e+00
6.767676767676767957e-01 -1.665627743230418512e+00
6.868686868686869618e-01 -1.658396734851111942e+00
6.969696969696970168e-01 -1.651131155632603154e+00
7.070707070707071829e-01 -1.643836232243498952e+00
7.171717171717172379e-01 -1.636517785878950804e+00
7.272727272727272929e-01 -1.629181390319655254e+00
7.373737373737374590e-01 -1.621832690787604170e+00
7.474747474747475140e-01 -1.614476729291268509e+00
7.575757575757576801e-01 -1.607119508619487158e+00
7.676767676767677351e-01 -1.599765619430634223e+00
7.777777777777777901e-01 -1.592420484539553538e+00
7.878787878787879562e-01 -1.585089232996265807e+00
7.979797979797980112e-01 -1.577776267942908817e+00
8.080808080808081773e-01 -1.570486856340734150e+00
8.181818181818182323e-01 -1.563225238651417159e+00
8.282828282828283983e-01 -1.555996277005142980e+00
8.383838383838384534e-01 -1.548804200981565904e+00
8.484848484848485084e-01 -1.541653211232942189e+00
8.585858585858586745e-01 -1.534547222713946280e+00
8.686868686868687295e-01 -1.527490705360525114e+00
8.787878787878788955e-01 -1.520487153653548917e+00
8.888888888888889506e-01 -1.513540320467028355e+00
8.989898989898991166e-01 -1.506654288976179590e+00
9.090909090909091717e-01 -1.499831295028296596e+00
9.191919191919192267e-01 -1.493075490920455772e+00
9.292929292929293927e-01 -1.486389657251298457e+00
9.393939393939394478e-01 -1.479776931570746967e+00
9.494949494949496138e-01 -1.473239759578540919e+00
9.595959595959596689e-01 -1.466781104407581582e+00
9.696969696969697239e-01 -1.460403358162728038e+00
9.797979797979798899e-01 -1.454108823689564733e+00
9.898989898989899450e-01 -1.447899450389536158e+00
1.000000000000000000e+00 -1.441777488598633639e+00
