0.000000000000000000e+00 -6.058263472919276360e-01
1.010101010101010187e-02 -6.348860799165728652e-01
2.020202020202020374e-02 -6.669718376355753264e-01
3.030303030303030387e-02 -7.044522741015725176e-01
4.040404040404040747e-02 -7.435850979454396992e-01
5.050505050505051108e-02 -7.804245005863806872e-01
6.060606060606060774e-02 -8.210202567795972239e-01
7.070707070707071829e-02 -8.610633148630058020e-01
8.080808080808081495e-02 -9.001267076449218640e-01
9.090909090909091161e-02 -9.404224695978722348e-01
1.010101010101010222e-01 -9.815434455660043689e-01
1.111111111111111188e-01 -1.026206773562200691e+00
1.212121212121212155e-01 -1.072040933397061746e+00
1.313131313131313260e-01 -1.120357629652224629e+00
1.414141414141414366e-01 -1.170485953905519905e+00
1.515151515151515194e-01 -1.218699650019429148e+00
1.616161616161616299e-01 -1.264657555201746719e+00
1.717171717171717404e-01 -1.309107038992521899e+00
1.818181818181818232e-01 -1.349936612513097600e+00
1.919191919191919338e-01 -1.387687236707880079e+00
2.020202020202020443e-01 -1.419915232133944771e+00
2.121212121212121271e-01 -1.447454347887017434e+00
2.222222222222222376e-01 -1.473633276974771311e+00
2.323232323232323482e-01 -1.497717983901946770e+00
2.424242424242424310e-01 -1.521942959831634079e+00
2.525252525252525415e-01 -1.547287844139219937e+00
2.626262626262626521e-01 -1.573841032307190524e+00
2.727272727272727626e-01 -1.605592361453971773e+00
2.828282828282828731e-01 -1.634191543133407309e+00
2.929292929292929282e-01 -1.661177870479686680e+00
3.030303030303030387e-01 -1.690798143741281345e+00
3.131313131313131493e-01 -1.724376259739362371e+00
3.232323232323232598e-01 -1.754482516650813784e+00
3.333333333333333703e-01 -1.785520121891572165e+00
3.434343434343434809e-01 -1.809711929486950366e+00
3.535353535353535914e-01 -1.833365352830931272e+00
3.636363636363636465e-01 -1.854964401890889070e+00
3.737373737373737570e-01 -1.872485204284946914e+00
3.838383838383838675e-01 -1.889649722411766541e+00
3.939393939393939781e-01 -1.905710900053196211e+00
4.040404040404040886e-01 -1.921475031023853530e+00
4.141414141414141992e-01 -1.939550431914275563e+00
4.242424242424242542e-01 -1.961822553598050245e+00
4.343434343434343647e-01 -1.989606038905121554e+00
4.444444444444444753e-01 -2.013577388229843113e+00
4.545454545454545858e-01 -2.039959346481120761e+00
4.646464646464646964e-01 -2.069463909404349433e+00
4.747474747474748069e-01 -2.098142045743618844e+00
4.848484848484848619e-01 -2.127289932731140976e+00
4.949494949494949725e-01 -2.151990039025501122e+00
5.050505050505050830e-01 -2.170709699807331194e+00
5.151515151515152491e-01 -2.191177746307711338e+00
5.252525252525253041e-01 -2.206588254053986731e+00
5.353535353535353591e-01 -2.222714204390177528e+00
5.454545454545455252e-01 -2.238962496637832977e+00
5.555555555555555802e-01 -2.257075716155477974e+00
5.656565656565657463e-01 -2.273672951430169675e+00
5.757575757575758013e-01 -2.290063699786220930e+00
5.858585858585858563e-01 -2.310494150643040978e+00
5.959595959595960224e-01 -2.330159252601734288e+00
6.060606060606060774e-01 -2.350501180344845675e+00
6.161616161616162435e-01 -2.371355306860202461e+00
6.262626262626262985e-01 -2.386259976971431662e+00
6.363636363636364646e-01 -2.392381902049189435e+00
6.464646464646465196e-01 -2.391866337604385162e+00
6.565656565656565746e-01 -2.388236464347303745e+00
6.666666666666667407e-01 -2.385690613674837923e+00
6.767676767676767957e-01 -2.381082980794632320e+00
6.868686868686869618e-01 -2.372975525421283205e+00
6.969696969696970168e-01 -2.362445367867786583e+00
7.070707070707071829e-01 -2.350285902765728796e+00
7.171717171717172379e-01 -2.344634546911163575e+00
7.272727272727272929e-01 -2.348335380174301434e+00
7.373737373737374590e-01 -2.353467450056525578e+00
7.474747474747475140e-01 -2.352510427083160938e+00
7.575757575757576801e-01 -2.350840995971078318e+00
7.676767676767677351e-01 -2.350379053483949487e+00
7.777777777777777901e-01 -2.354068774591203006e+00
7.878787878787879562e-01 -2.361098979087702610e+00
7.979797979797980112e-01 -2.368825437168297299e+00
8.080808080808081773e-01 -2.369339570569691134e+00
8.181818181818182323e-01 -2.370754866585720766e+00
8.282828282828283983e-01 -2.374555388619789209e+00
8.383838383838384534e-01 -2.375069567610846200e+00
8.484848484848485084e-01 -2.378788645729074336e+00
8.585858585858586745e-01 -2.381982254783630903e+00
8.686868686868687295e-01 -2.379662315922626004e+00
8.787878787878788955e-01 -2.384063075789223163e+00
8.888888888888889506e-01 -2.390174851184855509e+00
8.989898989898991166e-01 -2.393778809196422053e+00
9.090909090909091717e-01 -2.391546705111192939e+00
9.191919191919192267e-01 -2.388916729623525192e+00
9.292929292929293927e-01 -2.386819927585465351e+00
9.393939393939394478e-01 -2.393731040646403407e+00
9.494949494949496138e-01 -2.398950972054742170e+00
9.595959595959596689e-01 -2.402448886160588160e+00
9.696969696969697239e-01 -2.395818753024490988e+00
9.797979797979798899e-01 -2.386755900440078015e+00
9.898989898989899450e-01 -2.376481474947648831e+00
1.000000000000000000e+00 -2.365929796705114274e+00
