0.000000000000000000e+00 -3.282116578167735832e-01
1.010101010101010187e-02 -3.385171780887416548e-01
2.020202020202020374e-02 -1.793532429066060641e-01
3.030303030303030387e-02 -1.726810716338897378e-01
4.040404040404040747e-02 -1.500000057882988347e-01
5.050505050505051108e-02 -2.805927412485725303e-01
6.060606060606060774e-02 -4.905903841198477333e-01
7.070707070707071829e-02 -7.463079432895644016e-01
8.080808080808081495e-02 -4.528770915875991454e-01
9.090909090909091161e-02 -6.137040294549441777e-01
1.010101010101010222e-01 -4.892480852507234412e-01
1.111111111111111188e-01 -2.538943191203031358e-01
1.212121212121212155e-01 -3.956263594895203517e-01
1.313131313131313260e-01 -1.089417474282021181e-01
1.414141414141414366e-01 -2.268369695270963382e-01
1.515151515151515194e-01 -2.086890868171061841e-01
1.616161616161616299e-01 1.200282953832748356e-01
1.717171717171717404e-01 -9.539225276932833397e-02
1.818181818181818232e-01 -3.230627692684605035e-01
1.919191919191919338e-01 -4.810350098957744680e-01
2.020202020202020443e-01 -5.740234611862166103e-01
2.121212121212121271e-01 -7.882087594001849773e-01
2.222222222222222376e-01 -1.114126182564830314e+00
2.323232323232323482e-01 -1.269791412658028529e+00
2.424242424242424310e-01 -1.137395091822624327e+00
2.525252525252525415e-01 -8.718044947730890781e-01
2.626262626262626521e-01 -1.085949785336236983e+00
2.727272727272727626e-01 -1.210496299835277512e+00
2.828282828282828731e-01 -1.027404044981617526e+00
2.929292929292929282e-01 -1.276703189948444894e+00
3.030303030303030387e-01 -1.112539473378797661e+00
3.131313131313131493e-01 -1.180729167501012089e+00
3.232323232323232598e-01 -1.042965725871330296e+00
3.333333333333333703e-01 -1.117317543902689447e+00
3.434343434343434809e-01 -1.217494191664234782e+00
3.535353535353535914e-01 -1.553243635130530986e+00
3.636363636363636465e-01 -1.764955091984773405e+00
3.737373737373737570e-01 -1.372515702152004247e+00
3.838383838383838675e-01 -1.345833336465218855e+00
3.939393939393939781e-01 -1.569284384734586313e+00
4.040404040404040886e-01 -1.502570052318742189e+00
4.141414141414141992e-01 -1.425935681413121658e+00
4.242424242424242542e-01 -1.177075727351846179e+00
4.343434343434343647e-01 -1.015637653980015598e+00
4.444444444444444753e-01 -7.032933386480527682e-01
4.545454545454545858e-01 -4.636727525063792377e-01
4.646464646464646964e-01 -3.898780130532389920e-01
4.747474747474748069e-01 -4.841845788293969721e-01
4.848484848484848619e-01 -2.582045672821989823e-01
4.949494949494949725e-01 -2.747672121121931266e-01
5.050505050505050830e-01 -4.871832689842892083e-01
5.151515151515152491e-01 -4.028631323178911150e-01
5.252525252525253041e-01 -2.840099778210848913e-01
5.353535353535353591e-01 -2.967544280680154967e-01
5.454545454545455252e-01 -2.112051296045436011e-01
5.555555555555555802e-01 -2.671066746532028136e-01
5.656565656565657463e-01 -2.809978697300011263e-01
5.757575757575758013e-01 7.277504936539777591e-02
5.858585858585858563e-01 2.099696321035578878e-02
5.959595959595960224e-01 4.022870220136630370e-02
6.060606060606060774e-01 1.778808735522952322e-01
6.161616161616162435e-01 1.809587706603160984e-01
6.262626262626262985e-01 1.825811514558997317e-01
6.363636363636364646e-01 3.715763652286661611e-01
6.464646464646465196e-01 5.960014224259234661e-01
6.565656565656565746e-01 5.978923866688384825e-01
6.666666666666667407e-01 5.895937637402774989e-01
6.767676767676767957e-01 4.701467400289220944e-01
6.868686868686869618e-01 2.053296604588554231e-01
6.969696969696970168e-01 9.362489415953921534e-02
7.070707070707071829e-01 6.393921457037091693e-01
7.171717171717172379e-01 5.351666990606853691e-01
7.272727272727272929e-01 7.114578540495475334e-01
7.373737373737374590e-01 4.542980619412502197e-01
7.474747474747475140e-01 6.015346895198475652e-01
7.575757575757576801e-01 8.615111236442763998e-01
7.676767676767677351e-01 1.428922574993883643e+00
7.777777777777777901e-01 1.310327086028689303e+00
7.878787878787879562e-01 1.614372427691752376e+00
7.979797979797980112e-01 1.538315095127587684e+00
8.080808080808081773e-01 1.462940034160168823e+00
8.181818181818182323e-01 1.225150360248605796e+00
8.282828282828283983e-01 9.185780946669744873e-01
8.383838383838384534e-01 8.780999723225746401e-01
8.484848484848485084e-01 1.037773484905876620e+00
8.585858585858586745e-01 1.123201921875988107e+00
8.686868686868687295e-01 1.101565743805135167e+00
8.787878787878788955e-01 6.291732821890002603e-01
8.888888888888889506e-01 7.404482162402797885e-01
8.989898989898991166e-01 8.118906662786338213e-01
9.090909090909091717e-01 5.265591762047743263e-01
9.191919191919192267e-01 8.038931629433585524e-01
9.292929292929293927e-01 8.318125460545302552e-01
9.393939393939394478e-01 4.072338082996730391e-01
9.494949494949496138e-01 5.108117870961561557e-01
9.595959595959596689e-01 7.183128847002069328e-01
9.696969696969697239e-01 8.440785174297262827e-01
9.797979797979798899e-01 8.321309543231941719e-01
9.898989898989899450e-01 8.282578963305604614e-01
1.000000000000000000e+00 9.177001923334777711e-01
