0.000000000000000000e+00 7.610940185218146858e-01
1.010101010101010187e-02 7.962120053257860652e-01
2.020202020202020374e-02 8.306395010091066622e-01
3.030303030303030387e-02 8.673604719900165350e-01
4.040404040404040747e-02 9.043406501366926253e-01
5.050505050505051108e-02 9.369021806628698990e-01
6.060606060606060774e-02 9.665648754773358275e-01
7.070707070707071829e-02 9.899224075058022931e-01
8.080808080808081495e-02 1.007190537105008277e+00
9.090909090909091161e-02 1.023588603741369063e+00
1.010101010101010222e-01 1.036805144554385549e+00
1.111111111111111188e-01 1.053981538935592432e+00
1.212121212121212155e-01 1.068051471590220292e+00
1.313131313131313260e-01 1.086831793674155833e+00
1.414141414141414366e-01 1.104887409313223046e+00
1.515151515151515194e-01 1.129057491179027650e+00
1.616161616161616299e-01 1.155285083028977144e+00
1.717171717171717404e-01 1.174868367316790119e+00
1.818181818181818232e-01 1.193317608074088376e+00
1.919191919191919338e-01 1.212016091915745886e+00
2.020202020202020443e-01 1.226776875834786784e+00
2.121212121212121271e-01 1.240353812893471686e+00
2.222222222222222376e-01 1.251496581430190380e+00
2.323232323232323482e-01 1.260897833911619914e+00
2.424242424242424310e-01 1.266455441312789532e+00
2.525252525252525415e-01 1.266482285853832934e+00
2.626262626262626521e-01 1.260783837192830825e+00
2.727272727272727626e-01 1.259459652570323218e+00
2.828282828282828731e-01 1.259705064703411592e+00
2.929292929292929282e-01 1.262531558757899797e+00
3.030303030303030387e-01 1.267523365672461155e+00
3.131313131313131493e-01 1.273057761318800329e+00
3.232323232323232598e-01 1.286924250069101605e+00
3.333333333333333703e-01 1.304041355511894817e+00
3.434343434343434809e-01 1.320311087101474046e+00
3.535353535353535914e-01 1.337067966903665361e+00
3.636363636363636465e-01 1.353248261604318214e+00
3.737373737373737570e-01 1.369081055900793542e+00
3.838383838383838675e-01 1.382123104969575467e+00
3.939393939393939781e-01 1.394348172663731233e+00
4.040404040404040886e-01 1.404631030147267978e+00
4.141414141414141992e-01 1.412462314905033489e+00
4.242424242424242542e-01 1.423997959719402795e+00
4.343434343434343647e-01 1.438929730132192386e+00
4.444444444444444753e-01 1.447739576583384036e+00
4.545454545454545858e-01 1.454756610635840053e+00
4.646464646464646964e-01 1.456487194056634848e+00
4.747474747474748069e-01 1.453966171602630419e+00
4.848484848484848619e-01 1.446678793905096683e+00
4.949494949494949725e-01 1.427235691644702653e+00
5.050505050505050830e-01 1.401219277843714917e+00
5.151515151515152491e-01 1.374727955269930524e+00
5.252525252525253041e-01 1.352036230888094437e+00
5.353535353535353591e-01 1.328892456738818506e+00
5.454545454545455252e-01 1.313141264700679489e+00
5.555555555555555802e-01 1.302690854716105573e+00
5.656565656565657463e-01 1.295959843802373834e+00
5.757575757575758013e-01 1.288751302190958237e+00
5.858585858585858563e-01 1.279844270371323534e+00
5.959595959595960224e-01 1.268367311400032449e+00
6.060606060606060774e-01 1.252853116214122098e+00
6.161616161616162435e-01 1.236958297594732192e+00
6.262626262626262985e-01 1.226920537111287013e+00
6.363636363636364646e-01 1.216216346336952858e+00
6.464646464646465196e-01 1.204379015632315086e+00
6.565656565656565746e-01 1.189246024522701006e+00
6.666666666666667407e-01 1.177483661455309250e+00
6.767676767676767957e-01 1.167574317913404158e+00
6.868686868686869618e-01 1.161599027416313268e+00
6.969696969696970168e-01 1.153831920755353346e+00
7.070707070707071829e-01 1.145307281742734551e+00
7.171717171717172379e-01 1.140491626279892756e+00
7.272727272727272929e-01 1.142049315434712220e+00
7.373737373737374590e-01 1.148538948592806808e+00
7.474747474747475140e-01 1.155624851690930210e+00
7.575757575757576801e-01 1.161862045912849695e+00
7.676767676767677351e-01 1.170282904054036344e+00
7.777777777777777901e-01 1.178446516126437915e+00
7.878787878787879562e-01 1.179184018430714964e+00
7.979797979797980112e-01 1.179625183673278510e+00
8.080808080808081773e-01 1.179020116138588703e+00
8.181818181818182323e-01 1.183472764162507129e+00
8.282828282828283983e-01 1.187652198753861965e+00
8.383838383838384534e-01 1.189716855253826422e+00
8.484848484848485084e-01 1.190806793124397300e+00
8.585858585858586745e-01 1.188162377959173011e+00
8.686868686868687295e-01 1.181541853468818903e+00
8.787878787878788955e-01 1.181924409919744345e+00
8.888888888888889506e-01 1.185616249942104572e+00
8.989898989898991166e-01 1.188012925225685468e+00
9.090909090909091717e-01 1.188551800509333622e+00
9.191919191919192267e-01 1.186166124006339029e+00
9.292929292929293927e-01 1.182835137995235097e+00
9.393939393939394478e-01 1.178067450093136959e+00
9.494949494949496138e-01 1.172955768891196460e+00
9.595959595959596689e-01 1.166323900337695285e+00
9.696969696969697239e-01 1.157722552177698594e+00
9.797979797979798899e-01 1.151546173020342678e+00
9.898989898989899450e-01 1.148159089419555690e+00
1.000000000000000000e+00 1.146428277241956506e+00
