0.000000000000000000e+00 -8.843455016635729526e-01
1.010101010101010187e-02 -8.997869845752561879e-01
2.020202020202020374e-02 -9.164474099810511198e-01
3.030303030303030387e-02 -9.298592021442927402e-01
4.040404040404040747e-02 -9.422610313098649382e-01
5.050505050505051108e-02 -9.562545161067564914e-01
6.060606060606060774e-02 -9.627854709648407949e-01
7.070707070707071829e-02 -9.708467488597820605e-01
8.080808080808081495e-02 -9.868232903331662920e-01
9.090909090909091161e-02 -1.002835786705416066e+00
1.010101010101010222e-01 -1.019195008293729110e+00
1.111111111111111188e-01 -1.036298112611353517e+00
1.212121212121212155e-01 -1.050590621575156813e+00
1.313131313131313260e-01 -1.063838332951348997e+00
1.414141414141414366e-01 -1.079682347968209166e+00
1.515151515151515194e-01 -1.095374941399563262e+00
1.616161616161616299e-01 -1.116032387040934770e+00
1.717171717171717404e-01 -1.140116714316693036e+00
1.818181818181818232e-01 -1.164442970995748450e+00
1.919191919191919338e-01 -1.188357895281546783e+00
2.020202020202020443e-01 -1.213560058455628976e+00
2.121212121212121271e-01 -1.241394010397609105e+00
2.222222222222222376e-01 -1.272357512185593897e+00
2.323232323232323482e-01 -1.302040601614757653e+00
2.424242424242424310e-01 -1.324034298777140295e+00
2.525252525252525415e-01 -1.347691621895592107e+00
2.626262626262626521e-01 -1.372070134069855341e+00
2.727272727272727626e-01 -1.393522832406599132e+00
2.828282828282828731e-01 -1.415609847561434709e+00
2.929292929292929282e-01 -1.438317599759432630e+00
3.030303030303030387e-01 -1.461325396664155063e+00
3.131313131313131493e-01 -1.489472292923219809e+00
3.232323232323232598e-01 -1.520320469545771491e+00
3.333333333333333703e-01 -1.548521551537860752e+00
3.434343434343434809e-01 -1.578773375803963930e+00
3.535353535353535914e-01 -1.606447578421080769e+00
3.636363636363636465e-01 -1.633714792350845713e+00
3.737373737373737570e-01 -1.656917683292601584e+00
3.838383838383838675e-01 -1.675864552598213431e+00
3.939393939393939781e-01 -1.696952705180070131e+00
4.040404040404040886e-01 -1.715981736076094943e+00
4.141414141414141992e-01 -1.733508661304899112e+00
4.242424242424242542e-01 -1.748222410779522562e+00
4.343434343434343647e-01 -1.760580522224310718e+00
4.444444444444444753e-01 -1.769674459414608769e+00
4.545454545454545858e-01 -1.773131772098305081e+00
4.646464646464646964e-01 -1.769875829824267610e+00
4.747474747474748069e-01 -1.766134721637646399e+00
4.848484848484848619e-01 -1.758331267951840582e+00
4.949494949494949725e-01 -1.748467301884017555e+00
5.050505050505050830e-01 -1.739079860498332852e+00
5.151515151515152491e-01 -1.728989991466785447e+00
5.252525252525253041e-01 -1.718076124247414294e+00
5.353535353535353591e-01 -1.708353252216192386e+00
5.454545454545455252e-01 -1.700420411740737547e+00
5.555555555555555802e-01 -1.693023122471246866e+00
5.656565656565657463e-01 -1.681223820709093930e+00
5.757575757575758013e-01 -1.666200795013056402e+00
5.858585858585858563e-01 -1.655441115598783153e+00
5.959595959595960224e-01 -1.648847079357765866e+00
6.060606060606060774e-01 -1.645221789972392656e+00
6.161616161616162435e-01 -1.640778025808585117e+00
6.262626262626262985e-01 -1.631488584490446314e+00
6.363636363636364646e-01 -1.621950198456820091e+00
6.464646464646465196e-01 -1.613667772702534364e+00
6.565656565656565746e-01 -1.604700271618734186e+00
6.666666666666667407e-01 -1.593806604179061281e+00
6.767676767676767957e-01 -1.583096700960268333e+00
6.868686868686869618e-01 -1.575858808203413286e+00
6.969696969696970168e-01 -1.574278219909347243e+00
7.070707070707071829e-01 -1.575941401741046466e+00
7.171717171717172379e-01 -1.580346776829236521e+00
7.272727272727272929e-01 -1.583858899345335747e+00
7.373737373737374590e-01 -1.592105651701288815e+00
7.474747474747475140e-01 -1.609386655448011405e+00
7.575757575757576801e-01 -1.629291301887963783e+00
7.676767676767677351e-01 -1.649657705285758169e+00
7.777777777777777901e-01 -1.672946714975818372e+00
7.878787878787879562e-01 -1.695133994126352350e+00
7.979797979797980112e-01 -1.715509685455633093e+00
8.080808080808081773e-01 -1.731660135564645486e+00
8.181818181818182323e-01 -1.747375584992240993e+00
8.282828282828283983e-01 -1.757551120614763596e+00
8.383838383838384534e-01 -1.760033439535647171e+00
8.484848484848485084e-01 -1.755918859848871527e+00
8.585858585858586745e-01 -1.748080475680184431e+00
8.686868686868687295e-01 -1.738148386942613532e+00
8.787878787878788955e-01 -1.729519140200899363e+00
8.888888888888889506e-01 -1.719224696120761786e+00
8.989898989898991166e-01 -1.707402714087672191e+00
9.090909090909091717e-01 -1.698698406632075608e+00
9.191919191919192267e-01 -1.689585000002149950e+00
9.292929292929293927e-01 -1.676544062806906377e+00
9.393939393939394478e-01 -1.660803320208975808e+00
9.494949494949496138e-01 -1.644789701940264637e+00
9.595959595959596689e-01 -1.628455601155155419e+00
9.696969696969697239e-01 -1.610421423070894420e+00
9.797979797979798899e-01 -1.592055074665444270e+00
9.898989898989899450e-01 -1.572979145486280483e+00
1.000000000000000000e+00 -1.554745467030952177e+00
