0.000000000000000000e+00 -7.530736734019117806e-01
1.010101010101010187e-02 -6.416388585614886120e-01
2.020202020202020374e-02 -4.087475746672334376e-01
3.030303030303030387e-02 -2.719680603163076027e-01
4.040404040404040747e-02 -2.409343640381861329e-01
5.050505050505051108e-02 -5.703258690349422705e-03
6.060606060606060774e-02 6.374985080123847514e-02
7.070707070707071829e-02 1.828234896418382827e-01
8.080808080808081495e-02 1.546027085540952473e-01
9.090909090909091161e-02 8.621995801541412763e-02
1.010101010101010222e-01 1.802895645225228716e-01
1.111111111111111188e-01 1.103453442704181581e-01
1.212121212121212155e-01 2.315061013652106592e-01
1.313131313131313260e-01 4.667940803118041937e-01
1.414141414141414366e-01 2.537621585219450027e-01
1.515151515151515194e-01 1.979512586587948986e-01
1.616161616161616299e-01 9.177560169050247296e-02
1.717171717171717404e-01 2.782264236268492397e-01
1.818181818181818232e-01 1.344743324898085568e-01
1.919191919191919338e-01 1.111998215061596601e-01
2.020202020202020443e-01 1.190716155836948065e-01
2.121212121212121271e-01 2.538395863392106655e-01
2.222222222222222376e-01 4.303097142710666789e-01
2.323232323232323482e-01 4.892681445484524660e-01
2.424242424242424310e-01 1.169537056689540777e-01
2.525252525252525415e-01 1.653591556204044716e-02
2.626262626262626521e-01 7.446638480417497319e-02
2.727272727272727626e-01 -1.758156496773377320e-01
2.828282828282828731e-01 -5.766349193681460927e-02
2.929292929292929282e-01 -1.307355580034088305e-01
3.030303030303030387e-01 1.206806913395969821e-01
3.131313131313131493e-01 1.496156161558555298e-01
3.232323232323232598e-01 -7.042706830807146656e-02
3.333333333333333703e-01 9.395941084645037522e-02
3.434343434343434809e-01 5.355264064847391203e-02
3.535353535353535914e-01 8.796329675123175373e-02
3.636363636363636465e-01 2.549369194292930990e-02
3.737373737373737570e-01 1.710996591595821126e-01
3.838383838383838675e-01 2.686607057185489561e-02
3.939393939393939781e-01 2.307732003567251056e-01
4.040404040404040886e-01 3.320135843317589264e-01
4.141414141414141992e-01 4.567740660510383188e-01
4.242424242424242542e-01 4.063026908358460809e-01
4.343434343434343647e-01 6.722545753107725952e-01
4.444444444444444753e-01 7.272619497296113344e-01
4.545454545454545858e-01 7.643115425907597293e-01
4.646464646464646964e-01 8.805329648886517369e-01
4.747474747474748069e-01 7.746047427329887380e-01
4.848484848484848619e-01 9.293821389603866834e-01
4.949494949494949725e-01 1.209464621196044476e+00
5.050505050505050830e-01 1.141825752447962694e+00
5.151515151515152491e-01 9.935463077935132725e-01
5.252525252525253041e-01 1.204196079929950036e+00
5.353535353535353591e-01 1.241779137013619971e+00
5.454545454545455252e-01 1.298564568858491697e+00
5.555555555555555802e-01 1.489646879374622701e+00
5.656565656565657463e-01 1.257557118654647255e+00
5.757575757575758013e-01 1.308965223364092267e+00
5.858585858585858563e-01 1.181045685555454305e+00
5.959595959595960224e-01 1.261919221721099493e+00
6.060606060606060774e-01 1.290959459925254960e+00
6.161616161616162435e-01 1.375970267505502331e+00
6.262626262626262985e-01 1.575083738524859278e+00
6.363636363636364646e-01 1.379266325123807091e+00
6.464646464646465196e-01 1.385238114263393605e+00
6.565656565656565746e-01 1.677803582586510300e+00
6.666666666666667407e-01 1.549582563874291052e+00
6.767676767676767957e-01 1.457116150173466851e+00
6.868686868686869618e-01 1.326074148804487152e+00
6.969696969696970168e-01 1.330498030913333185e+00
7.070707070707071829e-01 1.375921095968944297e+00
7.171717171717172379e-01 1.229862594464339542e+00
7.272727272727272929e-01 1.123949061095337987e+00
7.373737373737374590e-01 9.836671304392808901e-01
7.474747474747475140e-01 9.933275564537109581e-01
7.575757575757576801e-01 1.053714181400626559e+00
7.676767676767677351e-01 9.925574796462608429e-01
7.777777777777777901e-01 1.207350550043294835e+00
7.878787878787879562e-01 1.126318222569185012e+00
7.979797979797980112e-01 1.000584258176602237e+00
8.080808080808081773e-01 9.613276560804069337e-01
8.181818181818182323e-01 1.019004961158856082e+00
8.282828282828283983e-01 1.111862280954729387e+00
8.383838383838384534e-01 1.094221203843461332e+00
8.484848484848485084e-01 1.302912946245065040e+00
8.585858585858586745e-01 1.229785888442959108e+00
8.686868686868687295e-01 1.363533026529644365e+00
8.787878787878788955e-01 1.576137908725633308e+00
8.888888888888889506e-01 1.598991764305461860e+00
8.989898989898991166e-01 1.650341984123570915e+00
9.090909090909091717e-01 1.545444928954617492e+00
9.191919191919192267e-01 1.624072729027879580e+00
9.292929292929293927e-01 1.457381377402184652e+00
9.393939393939394478e-01 1.646028145890712002e+00
9.494949494949496138e-01 1.657377015083866700e+00
9.595959595959596689e-01 1.519359398242989379e+00
9.696969696969697239e-01 1.531896485261444063e+00
9.797979797979798899e-01 1.599178225493068206e+00
9.898989898989899450e-01 1.468728444174697501e+00
1.000000000000000000e+00 1.322010368492015031e+00
