0.000000000000000000e+00 -2.097077052043297418e-01
1.010101010101010187e-02 -2.209048442586204475e-01
2.020202020202020374e-02 -2.322908392541984113e-01
3.030303030303030387e-02 -2.438606620347517073e-01
4.040404040404040747e-02 -2.556088818833757159e-01
5.050505050505051108e-02 -2.675305024876237781e-01
6.060606060606060774e-02 -2.796199564911051039e-01
7.070707070707071829e-02 -2.918716220012931850e-01
8.080808080808081495e-02 -3.042802215572534830e-01
9.090909090909091161e-02 -3.168399285035660706e-01
1.010101010101010222e-01 -3.295449754791802133e-01
1.111111111111111188e-01 -3.423893312612462658e-01
1.212121212121212155e-01 -3.553674839213707415e-01
1.313131313131313260e-01 -3.684730531569816447e-01
1.414141414141414366e-01 -3.817005042373740609e-01
1.515151515151515194e-01 -3.950433312009499764e-01
1.616161616161616299e-01 -4.084952855740417998e-01
1.717171717171717404e-01 -4.220508271340865925e-01
1.818181818181818232e-01 -4.357026672631182374e-01
1.919191919191919338e-01 -4.494453959795670639e-01
2.020202020202020443e-01 -4.632723068112681863e-01
2.121212121212121271e-01 -4.771768770997272813e-01
2.222222222222222376e-01 -4.911530753106769787e-01
2.323232323232323482e-01 -5.051938842486951575e-01
2.424242424242424310e-01 -5.192935568834173843e-01
2.525252525252525415e-01 -5.334451792536503145e-01
2.626262626262626521e-01 -5.476421043708249448e-01
2.727272727272727626e-01 -5.618780180038681626e-01
2.828282828282828731e-01 -5.761466914742986445e-01
2.929292929292929282e-01 -5.904409243480227554e-01
3.030303030303030387e-01 -6.047551720310444523e-01
3.131313131313131493e-01 -6.190822314179998953e-01
3.232323232323232598e-01 -6.334160574606969574e-01
3.333333333333333703e-01 -6.477497506997715870e-01
3.434343434343434809e-01 -6.620772344175630542e-01
3.535353535353535914e-01 -6.763918752614650476e-01
3.636363636363636465e-01 -6.906876131856495293e-01
3.737373737373737570e-01 -7.049577952582168905e-01
3.838383838383838675e-01 -7.191962647274754428e-01
3.939393939393939781e-01 -7.333968167934160620e-01
4.040404040404040886e-01 -7.475534174190133774e-01
4.141414141414141992e-01 -7.616597481462036301e-01
4.242424242424242542e-01 -7.757098593404936349e-01
4.343434343434343647e-01 -7.896972232266703529e-01
4.444444444444444753e-01 -8.036167525089679131e-01
4.545454545454545858e-01 -8.174617472531061635e-01
4.646464646464646964e-01 -8.312270084546417026e-01
4.747474747474748069e-01 -8.449067656083204536e-01
4.848484848484848619e-01 -8.584952771848000097e-01
4.949494949494949725e-01 -8.719869660277030921e-01
5.050505050505050830e-01 -8.853764463281809105e-01
5.151515151515152491e-01 -8.986584044017738027e-01
5.252525252525253041e-01 -9.118273951392713572e-01
5.353535353535353591e-01 -9.248786797805518267e-01
5.454545454545455252e-01 -9.378065620028350757e-01
5.555555555555555802e-01 -9.506068806360302714e-01
5.656565656565657463e-01 -9.632742086505616808e-01
5.757575757575758013e-01 -9.758042837773254208e-01
5.858585858585858563e-01 -9.881924556971571905e-01
5.959595959595960224e-01 -1.000433959896858127e+00
6.060606060606060774e-01 -1.012524810256269392e+00
6.161616161616162435e-01 -1.024460249747259466e+00
6.262626262626262985e-01 -1.036236956557010203e+00
6.363636363636364646e-01 -1.047850470326453287e+00
6.464646464646465196e-01 -1.059297132846532374e+00
6.565656565656565746e-01 -1.070573203403135221e+00
6.666666666666667407e-01 -1.081675297860087870e+00
6.767676767676767957e-01 -1.092599683562785140e+00
6.868686868686869618e-01 -1.103343393584230725e+00
6.969696969696970168e-01 -1.113902913399660077e+00
7.070707070707071829e-01 -1.124276020127486397e+00
7.171717171717172379e-01 -1.134459174927665348e+00
7.272727272727272929e-01 -1.144449851413666952e+00
7.373737373737374590e-01 -1.154245767836751035e+00
7.474747474747475140e-01 -1.163844217921267354e+00
7.575757575757576801e-01 -1.173243017122203025e+00
7.676767676767677351e-01 -1.182440289012994583e+00
7.777777777777777901e-01 -1.191433763881220687e+00
7.878787878787879562e-01 -1.200221794793060903e+00
7.979797979797980112e-01 -1.208802848817248199e+00
8.080808080808081773e-01 -1.217174998061545388e+00
8.181818181818182323e-01 -1.225337543695065978e+00
8.282828282828283983e-01 -1.233288604618889783e+00
8.383838383838384534e-01 -1.241027606252425919e+00
8.484848484848485084e-01 -1.248553421846748224e+00
8.585858585858586745e-01 -1.255865244787129020e+00
8.686868686868687295e-01 -1.262962490133466620e+00
8.787878787878788955e-01 -1.269844742146460925e+00
8.888888888888889506e-01 -1.276511491932715625e+00
8.989898989898991166e-01 -1.282962646585681377e+00
9.090909090909091717e-01 -1.289198242042626230e+00
9.191919191919192267e-01 -1.295217957140795573e+00
9.292929292929293927e-01 -1.301022444526674926e+00
9.393939393939394478e-01 -1.306611954668964293e+00
9.494949494949496138e-01 -1.311986989455641739e+00
9.595959595959596689e-01 -1.317147796882809363e+00
9.696969696969697239e-01 -1.322095233964105443e+00
9.797979797979798899e-01 -1.326830545967793595e+00
9.898989898989899450e-01 -1.331354169938000043e+00
1.000000000000000000e+00 -1.335667467870513159e+00
