0
3
2
5
1
8
6
4
13
10
7
11
16
9
18
21
15
12
14
19
26
24
23
29
17
20
34
31
22
27
28
32
25
37
39
42
36
30
47
33
1
6
4
0
9
3
2
14
11
7
17
12
5
22
8
19
27
16
10
30
25
15
20
13
35
24
32
21
18
38
40
43
33
23
28
48
29
37
26
51
2
7
0
10
5
15
4
1
12
3
18
23
13
20
8
28
9
6
31
36
26
17
11
25
21
16
33
14
44
41
39
49
34
22
19
52
29
57
30
24
3
0
8
11
6
1
16
5
24
2
19
13
21
14
4
29
9
32
37
10
7
27
18
26
45
34
22
42
12
40
17
50
15
35
58
53
23
20
30
31
4
1
9
12
17
7
2
0
25
6
20
14
22
3
30
15
33
5
38
10
28
11
46
8
19
35
43
27
41
23
51
13
18
59
54
16
36
24
56
64
5
13
10
0
2
18
8
3
26
21
7
1
23
15
31
16
34
39
4
6
11
29
47
12
44
36
52
42
28
20
9
24
60
55
14
19
37
17
65
57
6
1
14
11
3
19
9
27
0
4
22
24
32
8
16
35
40
2
17
5
48
30
12
7
45
53
37
43
13
29
21
61
25
10
56
38
20
66
15
69
7
2
15
12
20
4
10
28
0
23
1
5
33
25
17
41
9
36
18
3
49
31
6
46
54
13
8
38
44
62
30
14
22
57
26
11
67
70
39
75
8
16
3
21
13
0
5
29
11
24
34
1
2
6
26
42
37
18
10
19
50
32
55
47
4
7
45
39
14
63
9
31
58
15
23
27
68
71
76
12
9
17
4
22
1
14
6
30
12
25
35
43
27
0
38
7
3
2
19
11
51
20
56
48
33
64
46
40
5
15
8
59
32
10
16
24
69
72
28
77
10
18
5
2
23
15
31
7
0
13
26
36
44
28
39
8
20
4
1
3
52
12
21
57
49
34
65
47
41
60
16
6
9
33
73
70
78
11
25
17
11
19
3
24
6
16
32
8
1
14
0
27
37
45
40
29
9
21
53
5
13
4
58
22
2
50
66
35
48
42
61
17
34
74
71
79
7
10
63
12
12
20
4
25
7
17
33
9
2
15
1
38
28
46
41
30
0
54
22
10
59
6
14
51
23
5
67
36
3
49
43
62
75
80
72
35
18
8
64
11
13
5
21
26
8
18
34
0
10
3
16
39
47
29
2
42
31
55
23
60
11
1
52
68
15
7
24
37
6
50
44
63
4
76
81
73
36
19
65
89
14
6
22
27
9
19
35
1
11
40
48
17
4
30
3
43
32
56
0
61
24
12
69
53
25
16
2
8
38
51
64
7
45
82
77
74
5
37
90
66
15
7
23
28
10
36
20
2
12
49
41
31
18
5
44
4
33
0
57
62
1
25
70
54
13
26
17
39
52
65
9
3
46
83
78
8
75
91
6
38
16
8
29
24
11
37
3
21
50
42
13
0
32
19
45
6
5
34
58
1
63
71
26
55
2
14
53
27
40
66
18
47
84
10
79
76
4
9
92
68
17
9
30
25
12
4
38
22
51
43
1
14
33
46
20
7
59
35
6
64
2
72
56
0
27
15
54
3
67
41
28
85
19
80
48
77
11
93
10
5
18
10
31
26
5
39
13
23
52
2
44
15
34
47
21
0
8
60
36
7
65
73
3
57
28
68
55
16
1
42
86
29
81
4
78
49
20
94
12
70
19
11
32
27
6
40
14
24
53
3
45
16
1
48
35
22
61
9
37
66
8
0
74
58
4
29
69
56
87
82
43
17
30
79
50
21
2
5
95
13
20
33
12
28
7
41
15
25
54
4
46
2
49
17
36
62
23
38
10
67
9
75
1
59
0
30
5
70
88
57
83
44
80
18
31
51
96
22
6
3
21
34
13
29
8
42
16
26
55
5
47
3
50
37
18
63
0
24
39
68
11
76
10
60
2
31
71
89
1
6
58
84
81
45
52
32
19
97
23
73
22
35
14
30
9
43
17
27
56
6
48
4
1
51
38
64
19
25
69
40
12
77
11
61
3
0
90
32
72
85
59
82
7
46
2
98
53
33
20
24
23
36
15
10
31
44
18
28
57
7
49
2
5
52
65
39
20
26
70
41
78
13
0
62
12
4
91
73
33
86
60
83
47
8
99
1
54
34
3
21
24
37
16
11
32
45
19
29
58
3
8
50
6
53
66
40
21
71
27
42
79
14
0
1
63
13
92
74
87
5
34
61
84
100
48
55
9
35
2
22
25
38
17
12
33
46
20
30
59
4
51
9
7
54
67
41
22
72
80
28
43
1
15
64
2
14
93
75
88
85
62
35
6
0
101
49
56
10
36
23
26
39
13
18
34
47
21
31
60
5
52
10
8
55
68
42
73
23
81
29
44
0
2
16
65
3
94
15
76
89
86
63
36
102
7
50
57
1
37
11
27
40
14
19
35
48
22
6
61
32
53
11
56
9
69
43
74
1
82
24
30
45
3
17
66
4
95
90
16
77
0
87
64
103
37
8
51
58
38
12
28
41
15
20
49
36
7
23
62
33
54
12
57
70
10
2
44
75
83
25
46
31
4
67
18
96
5
91
78
17
88
0
104
65
38
1
52
9
59
39
29
42
16
21
50
37
8
24
63
34
55
13
58
71
11
3
45
76
84
26
47
32
5
0
68
19
97
92
6
79
89
18
105
66
39
1
53
2
60
10
30
43
17
22
51
38
9
64
25
35
56
14
72
59
4
12
77
46
85
27
1
48
33
6
69
98
20
93
80
7
90
106
108
19
67
40
2
0
54
61
31
44
18
23
52
39
10
65
26
36
57
15
5
73
60
13
78
86
47
2
28
49
34
7
70
99
0
21
94
81
91
107
109
8
68
20
41
55
62
3
32
45
19
24
53
40
11
66
27
37
58
16
6
74
61
14
79
87
3
48
29
50
35
8
71
100
1
95
22
82
92
110
0
9
69
21
42
56
63
123
33
46
20
54
25
41
12
67
28
38
59
7
17
75
62
15
80
4
88
49
30
51
36
9
72
101
2
96
83
23
93
111
1
70
10
22
43
0
57
124
34
47
21
55
26
42
13
68
29
39
60
8
76
18
63
5
16
81
89
50
31
52
37
102
10
73
3
0
97
84
112
94
24
2
71
11
23
44
125
58
35
48
22
56
27
43
14
69
30
40
61
9
77
19
64
6
82
90
17
51
1
32
53
103
38
74
11
4
98
85
113
95
25
72
3
12
24
126
45
0
36
23
49
57
28
44
15
70
31
41
62
10
78
20
65
7
83
91
18
52
2
54
33
104
39
75
12
5
99
86
114
96
26
73
4
0
13
25
127
46
37
24
50
58
29
45
16
71
32
42
63
11
79
66
21
8
84
92
19
3
53
55
105
34
76
40
6
13
100
115
87
97
0
27
74
5
1
14
128
26
38
25
51
59
30
46
17
72
33
43
12
64
80
67
9
22
85
93
20
4
54
106
56
35
77
41
7
101
14
108
116
88
98
1
28
75
6
129
15
2
39
26
52
60
31
47
18
73
34
44
13
65
81
10
68
23
94
86
5
21
55
107
57
36
78
102
42
109
8
15
117
2
89
99
0
29
76
130
7
16
40
27
53
61
32
19
48
74
35
14
45
66
82
11
69
24
95
87
6
22
56
58
37
79
103
110
43
9
3
118
16
90
100
1
30
77
131
8
126
17
41
28
54
62
33
20
49
75
36
15
46
67
83
12
70
7
96
25
88
23
57
59
80
38
104
111
4
44
119
10
2
91
17
101
78
31
132
127
9
124
42
29
55
63
34
21
50
76
37
16
68
47
84
13
8
71
97
89
26
24
58
60
81
105
112
39
3
5
120
45
11
92
102
18
0
79
32
133
128
125
43
30
56
64
22
35
51
77
38
17
69
48
85
9
14
72
98
90
27
25
59
108
61
4
82
106
113
6
40
121
46
12
103
93
1
19
80
134
33
129
44
31
57
65
23
36
52
78
18
39
70
49
86
10
15
73
99
91
28
26
60
109
5
62
107
83
114
7
122
2
41
47
104
94
13
20
81
135
34
130
45
32
58
66
24
37
53
79
19
40
71
50
87
11
16
74
100
92
29
27
61
110
6
3
63
115
84
8
123
42
105
95
48
14
21
136
82
35
131
1
46
33
59
67
25
38
54
80
20
41
72
12
88
51
17
101
75
93
30
28
62
111
4
7
116
85
64
124
9
43
106
96
49
15
22
137
108
83
36
132
47
34
60
68
26
39
55
81
21
13
42
73
89
52
18
102
76
94
31
29
63
5
112
8
117
86
125
65
10
44
107
97
50
16
23
138
109
84
0
133
48
35
61
69
27
40
56
82
22
14
43
74
90
53
19
103
77
95
32
30
64
6
113
9
118
126
87
66
11
45
98
51
17
24
1
139
110
85
134
3
49
36
62
70
28
41
57
83
23
15
75
44
91
54
20
104
96
78
33
7
31
65
114
10
119
127
88
67
12
99
46
52
2
18
25
140
111
86
135
4
50
37
63
71
29
42
58
84
16
24
92
76
45
55
21
105
97
79
34
8
32
66
115
11
120
128
89
68
13
3
100
47
53
19
26
141
112
87
136
133
51
38
64
72
30
43
59
85
17
25
93
77
46
56
22
106
98
108
80
35
9
33
67
116
12
121
129
90
14
69
4
101
48
54
20
142
27
113
88
1
52
39
65
73
31
44
60
86
18
26
94
78
47
23
57
107
99
109
81
36
10
117
34
68
13
122
130
5
91
15
70
102
49
55
21
143
28
2
114
89
53
40
66
74
32
45
61
87
19
27
95
79
48
24
58
100
110
82
11
37
118
69
35
14
123
6
131
92
16
71
103
50
56
22
144
3
115
29
90
139
54
41
67
75
33
46
62
88
20
28
96
80
49
25
59
101
111
83
12
38
119
70
36
15
7
124
132
93
17
72
104
51
57
4
23
145
116
30
91
140
55
42
68
76
34
47
63
89
21
29
97
81
50
26
60
112
102
84
13
39
120
16
71
37
8
125
133
94
18
73
105
52
5
58
146
24
117
31
141
92
56
43
69
77
35
48
90
64
22
30
98
82
51
27
61
113
103
85
14
40
121
9
17
72
38
108
126
134
95
19
74
106
6
53
59
147
25
118
142
32
57
44
78
70
36
49
91
65
23
31
99
83
52
28
62
114
104
86
15
41
122
10
18
73
39
109
127
135
96
20
75
107
7
54
148
60
26
119
2
143
58
45
79
71
37
50
92
66
24
32
100
84
29
53
115
63
105
87
16
42
11
123
19
74
110
40
128
136
97
21
76
8
55
149
3
61
27
120
144
6
59
46
80
72
38
51
93
67
25
33
101
85
30
54
116
106
64
88
17
108
43
12
124
20
75
111
129
41
137
98
22
77
9
4
150
56
62
121
28
145
60
47
81
73
39
52
94
68
26
34
102
86
31
55
117
107
65
89
18
109
44
13
125
21
76
112
130
138
42
99
23
78
10
5
151
57
63
122
29
146
61
48
82
74
40
95
53
69
27
35
103
87
32
118
56
66
19
90
110
14
45
126
22
113
77
131
139
43
100
6
11
24
79
152
58
64
123
30
147
9
62
49
83
75
41
96
54
70
28
36
104
88
33
119
57
67
20
91
111
15
46
127
23
132
114
78
140
44
101
7
12
25
80
153
59
65
124
148
31
10
63
50
84
76
42
97
55
71
29
37
105
89
34
120
58
21
68
92
16
112
47
128
24
133
115
141
79
45
8
102
13
81
26
154
60
125
66
149
11
32
64
85
51
77
43
98
56
72
30
108
38
106
90
121
35
59
22
69
93
17
113
129
48
25
134
116
142
80
46
9
103
14
82
27
155
61
126
67
150
12
65
86
52
78
44
99
57
73
31
109
39
107
91
122
36
23
60
70
94
18
114
130
49
26
135
143
117
81
10
47
104
15
83
28
156
62
127
68
151
13
66
87
53
79
45
100
58
74
32
110
40
92
123
37
24
61
71
95
19
115
131
50
27
136
144
118
11
82
48
105
16
84
29
157
128
63
152
6
69
14
67
88
54
80
46
101
59
75
33
111
41
93
124
38
25
62
72
96
20
116
132
51
28
137
145
12
119
83
49
106
17
85
30
158
7
129
64
108
153
70
68
89
55
47
81
102
60
76
34
112
42
94
125
26
39
63
73
97
21
117
133
52
13
138
29
146
120
84
50
18
107
86
31
159
8
130
65
154
109
71
69
90
56
48
82
103
61
77
35
113
43
95
126
27
40
64
74
98
22
118
134
53
14
139
147
30
121
85
51
19
87
32
108
160
9
131
155
110
66
6
70
91
57
49
83
104
62
78
36
114
44
96
127
28
41
65
75
99
23
119
135
15
54
140
148
31
122
86
52
20
88
33
161
109
10
132
7
156
111
67
71
92
58
50
84
105
63
79
37
115
45
97
128
29
42
66
76
100
24
120
136
16
55
141
149
32
123
87
53
21
89
162
34
110
11
8
133
157
112
68
72
93
59
51
85
106
64
80
38
108
116
46
98
129
30
43
67
101
77
25
121
137
17
56
142
150
33
124
88
22
54
90
163
111
35
12
9
134
158
113
73
94
60
52
86
107
65
81
39
109
117
47
99
31
130
44
68
102
78
26
122
18
138
57
143
151
125
34
89
23
55
91
164
13
112
36
10
135
159
114
74
95
53
61
87
66
40
82
110
118
48
100
32
131
45
69
103
79
27
123
19
139
58
144
152
126
35
90
24
56
14
165
92
113
37
11
136
160
115
173
75
96
54
62
88
67
41
83
111
119
49
33
101
132
46
70
104
28
80
124
20
140
145
153
59
127
36
91
25
57
15
166
93
12
114
38
137
161
7
116
76
97
55
63
89
68
42
84
112
120
50
34
133
102
47
71
105
29
81
125
21
141
146
154
60
128
37
92
26
58
16
13
167
94
115
39
138
8
162
117
77
98
56
64
90
43
69
85
113
121
108
51
35
134
103
48
72
30
106
82
22
126
142
147
155
61
129
38
93
27
59
17
14
168
95
116
40
9
139
163
78
99
57
65
91
44
70
86
114
122
109
52
36
135
104
49
31
73
107
83
23
127
143
156
148
62
130
39
94
28
60
18
15
169
96
117
41
10
140
164
79
100
58
66
92
45
71
87
115
123
110
53
37
136
105
50
32
74
84
24
128
144
157
149
131
63
40
95
29
61
16
19
170
97
118
11
42
141
165
120
80
101
59
67
93
46
72
88
116
124
111
54
38
137
106
51
33
75
85
25
129
108
145
158
150
132
64
41
96
30
62
17
20
171
12
98
119
43
142
166
81
102
60
68
94
47
73
89
117
125
112
55
39
138
107
52
34
76
86
26
130
109
146
159
151
133
65
42
97
31
18
63
21
172
13
120
99
44
167
143
82
103
61
69
95
48
74
90
118
126
113
56
40
139
53
35
77
87
27
131
110
147
160
152
134
66
43
98
32
19
22
64
14
173
121
100
45
168
144
181
83
104
62
70
96
49
75
91
119
127
114
57
41
140
54
36
78
88
28
132
111
148
161
153
135
67
44
99
33
20
23
65
15
174
122
101
46
169
145
182
84
105
63
71
97
50
76
92
120
128
115
42
58
141
55
37
79
29
89
133
112
149
162
154
136
68
45
100
34
21
24
16
66
175
123
102
47
170
146
183
85
108
106
64
72
98
51
77
93
121
129
116
43
59
142
56
38
30
80
90
134
113
150
163
155
137
69
46
101
35
22
25
17
67
176
124
103
48
171
147
86
109
107
65
73
99
52
78
94
122
130
117
44
60
143
57
39
31
81
91
135
151
114
164
156
138
70
47
102
36
23
18
26
68
177
125
104
49
172
148
87
110
66
74
100
53
79
95
123
131
118
45
61
144
40
58
32
82
92
136
152
115
165
157
139
71
48
103
37
24
19
27
69
178
126
105
173
50
149
186
88
111
67
75
101
54
80
96
124
132
119
46
62
145
41
59
33
83
93
137
153
116
166
158
140
72
49
104
25
38
20
28
70
179
127
106
174
150
51
187
89
112
68
76
102
55
81
97
125
133
120
47
63
146
42
60
34
84
94
138
154
117
159
167
141
73
50
26
21
105
39
29
71
180
128
107
175
151
52
13
90
113
69
77
103
56
82
98
126
134
121
48
64
147
43
61
35
85
95
139
108
155
118
160
168
142
74
51
22
27
106
40
30
72
181
129
176
152
14
53
91
114
70
78
104
57
83
99
127
135
122
49
65
148
44
62
36
86
96
140
109
156
119
161
169
143
75
52
23
28
107
41
31
73
182
130
15
177
153
54
92
115
71
79
105
58
84
100
128
136
123
50
149
66
45
37
63
87
97
141
110
157
120
162
170
144
76
53
24
29
42
32
183
74
131
16
178
154
55
191
93
116
72
80
106
59
85
101
129
108
137
124
51
150
67
46
38
64
88
98
142
158
111
121
163
171
145
25
77
54
30
43
33
184
75
132
17
179
155
56
94
117
73
81
107
60
86
102
130
109
138
125
52
151
68
47
39
65
89
99
143
159
112
122
164
172
146
26
55
78
31
44
34
185
76
133
18
180
156
57
95
118
74
82
61
87
103
131
110
139
126
53
152
69
48
40
66
90
100
144
160
113
123
165
173
147
27
32
56
79
45
35
186
77
19
134
181
157
58
194
96
119
75
83
62
88
104
132
111
140
127
54
153
70
49
41
67
91
101
145
161
114
124
166
174
148
28
33
57
80
46
36
187
78
20
135
182
158
59
179
97
120
76
84
63
89
105
133
112
141
128
55
154
71
50
42
68
92
102
146
162
115
125
167
175
149
29
34
58
81
37
47
188
21
79
136
183
159
60
180
98
121
77
85
108
64
90
134
106
113
142
129
56
155
72
51
43
69
93
103
147
163
116
126
168
176
150
30
35
59
82
38
48
189
22
80
137
160
184
61
99
122
78
86
109
65
91
135
107
114
143
57
130
156
73
52
44
70
94
104
148
164
117
127
169
177
151
31
36
60
83
39
49
23
190
81
138
161
185
182
100
123
79
87
110
66
92
136
115
144
58
131
157
74
45
53
71
95
105
149
165
118
128
170
178
152
32
37
61
84
40
50
24
191
82
139
162
186
183
63
101
124
80
88
111
67
93
137
116
145
59
132
158
75
46
54
72
96
106
150
166
119
129
171
179
33
153
38
108
62
85
41
51
25
192
83
140
163
187
184
102
125
81
89
112
68
94
138
117
146
60
133
159
76
47
55
73
97
107
151
167
120
130
172
180
34
154
39
109
63
86
42
52
26
193
84
141
164
188
185
103
126
82
90
113
69
95
139
118
147
61
134
160
77
48
56
74
98
152
168
121
131
173
181
35
155
40
110
64
87
43
53
27
194
85
142
108
165
189
186
104
127
83
91
114
70
96
140
119
148
62
135
161
78
49
57
75
99
153
169
122
132
174
182
36
156
41
111
65
88
44
54
28
195
86
143
109
166
190
187
105
128
84
92
115
71
141
97
120
149
63
136
162
79
50
58
76
100
154
170
123
133
175
37
183
157
42
112
66
89
45
55
29
196
87
144
110
167
191
24
106
108
129
85
93
116
72
142
98
121
150
64
137
163
80
51
59
77
101
155
171
124
134
38
176
184
158
43
113
67
90
46
56
30
197
88
145
111
168
192
107
109
130
86
94
117
73
143
99
122
151
65
138
164
81
52
60
78
102
156
172
125
135
39
177
185
159
44
114
68
91
47
57
31
198
146
89
112
169
193
108
106
85
129
98
121
142
93
116
72
64
150
77
163
155
134
51
137
113
176
59
80
90
43
56
184
171
38
101
168
124
30
147
197
158
69
189
46
103
126
109
107
86
130
99
122
143
94
73
117
65
151
78
164
156
135
52
138
114
177
60
81
91
44
57
185
172
39
102
169
125
31
148
159
198
70
190
47
104
127
110
87
131
123
100
144
95
74
118
66
152
79
165
157
136
53
139
115
178
61
82
92
45
58
173
186
40
103
170
32
126
149
160
199
71
191
48
105
128
69
111
88
132
124
101
145
96
75
119
67
153
80
166
158
137
54
140
116
62
179
83
93
46
59
174
187
41
104
171
33
127
150
161
200
72
192
49
106
129
70
112
89
133
125
102
146
76
97
120
68
154
81
167
159
138
55
141
117
63
180
84
94
47
60
175
188
42
105
172
34
128
151
162
201
73
193
50
107
130
71
113
90
134
126
103
147
77
98
121
69
155
82
168
160
139
56
142
108
118
64
181
85
95
48
61
176
189
43
106
173
35
129
152
163
202
74
194
51
131
72
114
91
135
127
104
148
78
99
122
70
156
83
169
161
140
57
143
109
119
65
182
86
96
49
62
177
190
44
107
36
174
130
153
164
203
75
195
52
132
73
115
92
136
128
105
149
79
100
123
71
157
84
170
162
141
58
144
110
120
66
183
87
97
50
63
178
191
45
37
175
131
154
165
204
76
196
53
133
74
42
116
93
137
129
106
150
80
108
101
124
72
158
85
171
163
142
59
145
111
121
67
184
88
98
51
64
179
192
46
38
176
132
155
166
205
77
197
54
134
75
117
94
138
130
107
151
81
109
102
125
73
159
86
172
164
143
60
146
112
122
68
185
89
99
52
65
180
193
47
39
177
133
156
167
206
78
198
55
135
76
118
95
139
131
152
82
110
103
126
74
160
87
173
165
61
144
147
113
69
123
186
90
100
53
66
181
194
48
40
178
134
157
168
207
79
199
56
136
77
27
119
96
140
132
153
83
111
127
104
75
161
88
174
166
62
145
148
114
70
124
187
91
101
54
67
182
195
49
41
179
135
158
169
208
80
200
57
137
78
28
120
97
141
133
154
84
112
128
105
76
162
89
175
63
167
146
149
115
71
125
188
92
102
55
68
183
196
50
42
180
136
159
170
209
81
201
58
138
79
29
121
98
142
108
134
155
85
113
129
106
77
163
90
176
64
168
147
150
116
72
126
189
93
103
56
69
184
51
197
43
181
137
160
171
210
82
202
59
139
80
122
99
143
109
135
156
86
114
130
107
78
164
91
177
65
169
148
151
117
73
127
190
94
104
57
70
185
52
198
44
182
138
161
172
211
83
203
60
140
81
123
100
144
110
136
157
87
115
131
79
165
92
178
66
170
149
152
118
74
128
191
95
105
58
71
186
53
199
45
183
139
162
173
212
84
204
61
141
32
82
124
101
145
111
137
158
88
116
132
80
166
93
179
67
171
150
153
119
75
129
192
96
106
59
72
187
54
200
46
184
108
140
163
174
213
85
205
62
142
33
125
102
146
112
138
159
89
117
133
81
167
94
180
68
172
151
154
76
120
130
193
97
107
60
73
188
55
201
47
185
109
141
164
175
214
86
206
63
143
34
126
103
147
113
139
160
90
118
134
82
168
95
181
69
173
152
155
77
121
131
194
98
61
74
56
189
202
48
186
110
142
165
176
87
215
207
64
108
144
35
127
104
148
114
140
161
91
119
135
83
169
96
182
70
174
153
156
78
122
132
195
99
62
75
57
190
203
49
187
111
143
166
177
88
216
208
65
109
145
36
128
105
149
141
115
162
92
136
120
84
170
97
183
71
154
175
157
79
133
123
196
100
63
76
58
191
50
204
188
167
144
112
178
89
209
217
66
146
110
37
129
106
108
150
142
116
163
93
137
121
85
171
98
184
72
155
176
158
134
80
124
197
101
64
59
77
192
51
205
189
168
145
113
179
90
210
218
67
147
111
130
107
109
151
143
117
164
94
138
122
86
172
99
185
73
156
177
159
135
81
125
198
65
102
60
78
193
52
206
190
169
146
114
180
91
211
219
148
68
112
131
110
152
144
118
165
95
139
123
87
173
100
186
74
157
178
160
136
82
126
199
66
103
61
79
194
53
207
191
170
147
115
181
92
212
220
149
40
69
113
132
111
153
145
119
166
96
140
124
88
174
101
187
75
158
179
161
137
83
127
200
67
104
62
80
195
54
208
192
171
148
116
182
93
213
221
41
150
70
114
133
112
154
146
120
167
97
141
125
89
175
102
188
76
159
180
162
138
128
84
201
68
105
63
81
196
55
209
193
172
149
117
183
94
214
42
222
151
71
115
134
113
155
147
121
168
98
142
126
90
176
103
189
77
160
108
181
163
139
129
85
69
202
106
64
82
197
56
210
194
173
150
118
184
95
215
43
152
223
72
135
114
156
148
122
169
99
143
127
91
177
104
190
78
161
109
182
164
140
130
86
70
203
107
65
83
198
57
211
195
174
151
119
185
96
216
44
153
73
117
136
115
157
149
123
170
100
144
128
92
178
105
191
79
162
110
183
165
141
131
87
71
204
66
84
58
199
212
196
175
152
120
186
97
45
217
154
74
118
225
137
116
158
150
124
171
101
145
129
93
179
106
192
80
163
111
184
166
108
142
132
88
72
205
67
85
59
200
213
197
176
153
121
187
98
46
218
155
75
119
138
117
159
151
125
172
102
146
130
94
180
107
193
81
164
112
185
167
109
143
133
89
73
206
68
86
60
201
214
198
177
154
122
188
99
47
156
219
120
76
139
118
160
152
126
173
103
147
131
95
181
82
194
165
113
186
168
110
144
134
90
74
207
69
61
87
202
215
199
178
155
123
189
100
48
157
220
121
77
53
140
119
161
153
127
174
104
148
132
96
182
83
195
166
114
187
169
111
145
135
91
75
208
70
62
88
203
216
200
179
156
124
190
49
101
158
221
122
78
54
141
120
162
154
128
175
105
149
133
97
183
84
196
167
115
188
170
112
146
136
92
76
209
71
63
89
204
217
201
180
157
125
191
50
102
159
123
222
79
55
142
121
163
155
129
108
176
106
150
134
98
184
85
197
168
116
189
171
113
147
137
93
77
210
72
64
90
205
218
202
181
158
126
192
51
103
160
124
80
223
143
122
164
156
130
109
177
107
151
135
99
185
86
198
169
117
190
172
114
148
138
94
78
211
73
65
91
206
219
203
182
159
127
193
52
104
161
125
81
224
144
123
165
157
131
110
178
152
136
100
186
87
199
170
118
191
173
115
149
139
95
79
212
74
66
92
207
204
183
220
160
128
194
53
105
162
126
82
225
58
145
124
166
158
132
111
179
153
137
101
187
88
200
171
119
192
174
116
150
140
96
80
213
75
67
93
208
205
184
161
221
129
195
54
106
163
127
83
59
226
146
125
167
159
133
112
180
154
138
102
188
89
172
201
120
193
175
117
151
141
97
81
214
76
68
94
209
185
206
162
222
130
196
55
107
164
128
84
60
227
147
126
168
160
134
113
181
155
139
103
189
90
173
202
121
194
176
118
152
142
98
82
215
77
69
95
210
186
207
163
223
131
197
108
56
165
129
85
61
228
148
127
169
161
135
114
182
156
140
104
190
91
174
203
122
195
177
119
153
143
99
83
216
78
70
96
211
187
164
208
132
198
224
109
57
166
130
86
62
229
149
128
170
162
136
115
183
157
141
105
191
92
175
204
123
196
178
120
154
144
100
84
217
79
71
97
212
188
165
209
199
133
225
110
58
167
131
87
63
230
150
129
171
163
137
116
184
158
142
106
108
192
93
176
205
124
197
179
121
155
145
101
85
80
218
72
98
213
189
166
210
200
134
111
226
59
168
132
88
64
151
130
172
164
138
117
185
159
143
107
109
193
94
177
125
206
198
180
122
156
146
102
86
81
73
219
99
214
190
167
211
201
135
112
227
60
169
133
89
65
152
131
173
165
139
118
186
160
144
110
194
95
178
126
207
199
181
123
157
147
103
87
82
74
220
100
215
191
168
212
202
136
113
228
61
170
134
90
66
69
153
132
174
166
140
119
187
161
145
111
195
96
179
127
208
200
182
124
158
148
104
88
83
75
221
101
216
192
169
213
203
137
114
229
62
171
135
91
67
70
154
133
175
167
141
120
188
162
146
112
196
97
180
128
209
201
183
125
159
149
105
89
84
76
222
102
217
193
170
214
204
138
115
230
63
172
136
92
68
71
155
134
176
168
142
121
189
163
147
113
197
98
181
108
129
210
202
184
126
160
150
106
90
85
77
103
223
218
194
171
215
205
139
116
231
64
173
137
93
69
156
135
177
169
143
122
190
164
148
114
198
99
182
109
130
203
211
185
127
161
151
107
91
86
78
104
224
219
195
172
216
206
140
117
232
65
174
138
94
70
157
136
178
170
144
123
191
165
149
115
199
100
183
110
131
204
212
186
128
162
152
92
87
79
105
225
220
196
173
217
207
141
118
66
233
175
139
95
71
194
158
137
179
171
145
124
192
166
150
116
200
101
184
111
132
205
213
187
129
163
153
93
88
80
106
226
221
197
174
218
208
142
119
108
67
234
176
140
72
96
159
138
180
172
146
125
193
167
151
117
201
102
185
133
112
206
214
188
130
164
154
94
89
81
107
227
222
198
175
209
219
143
120
109
68
177
235
141
73
97
160
139
181
173
147
126
194
168
152
118
202
103
186
134
113
207
215
189
131
165
155
95
90
82
228
223
199
176
210
144
220
121
110
69
178
236
142
74
98
197
161
140
182
174
148
127
195
169
153
119
203
104
187
135
114
208
216
190
132
166
156
96
91
83
229
200
177
224
211
145
221
122
111
70
179
237
143
75
99
198
162
141
183
175
149
128
196
170
154
120
204
105
188
136
115
209
217
191
133
167
157
97
92
84
230
178
201
225
212
146
222
123
112
71
180
144
238
76
100
199
163
142
184
176
150
129
197
171
155
121
108
205
106
189
137
116
210
218
192
134
168
158
98
93
85
179
202
231
226
147
213
223
124
113
72
181
145
239
77
101
164
143
185
177
151
130
198
172
156
122
109
206
190
107
138
117
211
193
219
135
169
159
99
94
86
180
203
232
227
148
214
224
125
114
182
73
146
240
78
102
165
144
186
178
152
131
199
173
157
123
110
207
191
139
118
212
194
220
136
170
160
100
95
87
181
204
233
228
149
215
225
126
115
183
74
147
79
103
241
202
166
145
187
179
153
132
200
174
158
124
111
208
192
140
119
213
195
221
137
171
161
101
96
88
182
205
229
234
150
216
226
127
116
184
75
148
80
104
203
242
167
146
188
180
154
133
201
175
159
125
112
209
193
141
120
214
196
222
138
172
162
102
89
97
183
206
151
230
217
235
227
128
117
185
76
149
81
105
204
68
168
147
189
181
155
134
202
176
160
126
113
210
194
142
121
215
197
223
139
173
163
103
90
98
184
207
152
218
231
108
236
228
129
118
186
77
150
82
205
106
169
148
190
182
156
135
203
177
161
127
114
211
195
143
122
198
216
224
140
174
164
104
91
99
185
208
153
219
232
109
237
130
229
119
187
78
151
206
83
107
170
149
191
183
157
136
204
178
162
128
115
212
196
144
123
199
217
141
225
175
165
105
92
100
186
209
154
220
110
233
131
230
238
120
188
79
152
207
84
71
171
150
192
184
158
137
205
179
163
129
116
213
197
145
124
200
218
142
176
226
166
106
93
101
108
187
210
155
221
111
234
132
231
239
121
189
80
153
208
85
172
151
193
185
159
138
206
180
164
130
117
198
214
146
125
201
219
143
177
167
227
107
94
102
109
188
211
156
222
112
133
235
232
190
122
240
81
154
209
86
173
152
194
186
160
139
207
181
165
131
118
199
215
147
126
202
220
144
178
168
228
95
103
110
189
212
157
223
113
134
236
233
191
123
241
82
155
210
87
74
174
153
195
187
161
140
208
182
166
132
119
200
216
148
127
203
221
145
179
169
229
96
104
111
190
213
158
224
114
135
237
192
234
124
83
242
156
211
88
75
175
154
196
188
162
141
209
183
167
133
120
201
217
149
128
204
222
146
180
170
230
97
105
112
191
214
159
225
115
136
193
238
235
125
84
243
157
212
89
76
176
155
197
189
163
142
210
184
168
134
121
202
218
150
129
205
223
181
147
171
231
108
98
106
113
192
215
160
226
116
137
194
126
239
236
85
158
244
213
90
177
156
198
190
164
143
211
185
169
135
203
122
219
151
130
206
224
182
148
172
232
109
99
107
193
114
216
161
227
117
138
195
127
237
240
86
159
214
245
91
178
157
199
191
165
144
212
186
170
136
204
123
220
152
131
207
183
225
149
173
233
110
100
194
115
217
162
228
118
139
196
128
238
241
87
160
215
246
92
79
179
158
200
192
166
145
187
213
171
137
205
124
221
153
132
208
184
150
226
174
111
234
101
195
116
218
163
229
119
140
197
129
239
242
88
161
216
247
93
80
180
159
201
193
167
146
188
214
172
138
206
125
222
154
133
209
185
151
227
175
112
235
102
196
117
219
164
230
120
141
198
130
240
89
162
243
217
94
248
81
181
160
202
194
168
147
189
215
173
139
207
126
155
223
134
210
186
152
176
228
113
236
197
103
118
220
165
231
121
199
142
131
241
90
163
218
244
95
82
184
182
161
195
203
169
148
190
174
216
140
208
127
156
224
135
211
187
153
177
229
114
237
198
104
221
119
166
232
200
122
143
132
164
91
242
219
245
96
83
185
183
162
196
204
170
149
191
175
217
141
209
128
157
225
136
212
188
154
178
230
115
238
199
105
222
120
167
233
201
123
144
133
165
92
220
243
246
97
186
84
184
163
197
205
171
150
192
176
218
142
210
129
158
226
137
213
189
179
155
231
116
239
200
106
223
108
121
168
202
234
145
124
134
166
93
221
244
247
98
187
185
164
198
206
172
151
193
177
219
143
211
130
159
227
138
214
190
180
156
232
117
240
201
107
224
109
122
169
203
235
146
125
135
167
222
94
245
248
99
188
186
165
199
207
173
152
194
178
220
144
212
131
160
228
139
215
191
181
157
233
118
202
241
225
110
123
170
204
236
147
126
136
168
223
95
246
100
189
249
183
187
166
200
208
174
153
195
179
221
145
213
132
161
229
216
140
192
182
158
234
119
203
242
226
111
124
171
205
237
148
127
137
169
224
96
247
190
101
184
239
188
167
201
175
209
154
196
180
222
146
214
133
162
217
230
141
193
183
159
235
120
204
227
243
112
125
172
206
149
238
128
138
170
225
97
248
191
102
185
240
189
168
202
176
210
155
197
181
223
215
147
134
163
218
142
231
194
184
160
236
121
205
228
113
126
244
173
207
150
239
129
139
171
226
98
108
192
103
249
186
190
169
203
177
211
156
198
182
224
216
148
135
164
219
143
232
195
185
161
237
122
206
229
114
127
174
245
208
151
130
240
140
172
227
99
109
193
187
104
242
191
170
204
178
212
157
199
183
225
217
149
165
136
220
144
196
233
186
162
238
123
207
230
128
115
175
209
246
152
131
241
141
173
228
100
110
194
188
105
243
192
205
171
179
213
158
200
184
226
218
150
166
137
221
145
197
234
187
163
239
124
208
231
176
129
116
210
247
153
132
242
142
174
229
101
111
195
189
106
244
193
206
172
180
214
159
201
185
227
219
151
167
138
222
198
146
188
235
164
240
125
209
232
177
130
117
211
154
248
133
243
143
230
175
102
112
196
190
107
224
194
207
173
181
215
160
202
186
228
220
152
168
139
223
199
147
189
236
165
241
126
210
233
178
131
118
212
155
134
249
244
231
144
176
103
113
197
191
225
246
195
208
174
182
216
203
161
187
229
221
153
169
140
224
200
148
190
166
237
211
127
242
234
179
213
132
119
156
135
232
177
245
145
250
104
114
198
192
226
247
196
209
175
183
217
204
162
188
230
222
154
170
141
225
201
149
191
167
238
212
128
243
235
180
214
133
120
157
136
233
178
146
246
251
115
105
199
193
227
248
197
210
176
184
218
205
163
189
231
223
155
171
142
226
202
192
150
168
239
213
129
244
236
181
215
134
121
158
137
234
179
147
247
108
200
116
106
252
194
228
198
211
177
185
219
206
164
190
232
224
156
172
143
203
227
193
151
169
240
214
130
245
237
182
216
135
122
159
138
235
180
148
248
109
201
117
107
195
229
253
199
212
186
178
220
207
165
191
233
225
157
173
204
144
228
194
152
170
241
215
131
246
238
183
217
136
123
160
236
139
181
149
110
249
202
118
196
230
223
162
200
213
187
179
221
208
192
166
234
226
158
174
205
229
145
195
153
171
242
216
132
239
184
218
247
137
124
161
237
182
140
150
111
203
250
197
119
231
224
163
201
214
188
180
222
209
193
167
235
227
159
175
206
230
146
196
154
172
243
217
133
185
219
240
248
138
125
162
238
183
141
151
112
204
198
251
120
232
225
164
202
215
189
181
223
210
194
168
236
228
160
176
207
231
197
147
155
173
244
218
134
186
220
241
139
249
126
163
239
184
142
152
205
113
199
233
121
252
226
165
203
216
190
182
224
211
195
169
237
229
161
177
208
232
198
148
156
174
219
245
135
221
187
242
140
127
250
164
240
185
143
153
206
114
200
234
122
227
253
166
204
217
191
183
225
212
196
170
238
230
162
178
209
199
233
149
157
175
220
246
136
222
188
243
141
128
165
241
186
251
144
154
207
201
115
235
123
228
167
254
205
218
192
184
226
213
197
171
239
231
163
179
210
200
234
150
158
176
221
247
137
223
189
244
142
129
166
187
242
145
252
155
208
202
236
116
124
229
168
106
206
219
193
185
227
214
198
172
232
240
180
211
164
201
235
151
159
177
222
248
224
138
190
245
143
130
167
188
243
146
156
209
203
253
237
117
230
125
169
251
207
220
194
186
228
215
199
173
233
241
212
181
165
202
236
152
178
160
223
225
191
249
139
246
144
168
131
189
244
147
210
157
204
238
118
231
254
126
170
252
208
221
195
187
229
216
200
174
234
242
213
182
166
203
237
153
179
161
224
226
192
140
250
247
145
169
190
132
245
211
148
158
205
239
232
119
127
171
255
218
209
222
196
188
230
217
201
175
235
214
183
243
167
204
238
154
180
162
225
227
193
141
251
248
146
170
191
246
133
212
149
159
206
240
233
120
128
172
219
253
210
223
197
189
231
218
202
176
236
215
184
205
168
244
239
181
155
163
226
228
194
142
249
252
147
192
171
247
134
213
150
160
207
241
234
121
129
173
220
254
211
224
198
190
232
219
203
177
237
216
185
206
169
245
240
182
156
164
227
229
195
143
250
193
148
172
248
253
135
214
208
151
161
242
235
122
130
174
221
255
212
225
199
191
233
220
204
178
217
238
186
207
170
246
241
183
157
165
228
230
196
144
194
251
173
149
249
215
136
209
243
152
162
254
236
123
131
175
222
244
213
226
200
192
221
234
205
179
218
239
187
208
171
242
247
184
158
166
229
231
197
145
195
174
150
216
252
250
137
210
244
163
153
237
255
124
176
132
223
245
214
227
201
193
222
235
206
180
219
240
209
188
172
243
185
248
159
230
167
232
198
146
196
175
217
151
251
211
245
253
138
164
238
154
125
177
224
133
246
237
215
228
202
194
223
236
207
181
220
241
210
189
173
244
186
231
160
168
249
233
199
147
197
218
176
152
212
246
252
139
239
165
155
254
126
225
178
134
247
238
216
229
203
195
224
208
237
182
221
211
242
190
174
245
187
232
161
169
250
234
200
148
198
219
177
153
213
247
240
140
253
166
156
255
226
179
127
135
248
239
217
230
204
196
225
209
238
183
222
212
243
191
175
188
246
233
170
162
235
251
201
149
199
220
178
214
248
154
241
141
167
157
254
227
180
128
136
249
240
253
218
231
205
197
226
210
239
184
223
213
192
244
176
189
234
247
171
163
236
252
202
200
150
221
179
215
249
242
155
142
168
158
255
228
181
129
250
137
254
241
219
232
206
198
227
211
240
185
224
214
193
245
177
235
190
248
172
164
237
203
253
201
222
151
216
180
243
250
156
169
143
159
229
182
251
130
255
242
138
230
220
207
233
199
228
212
241
186
225
215
194
246
178
236
191
249
173
165
238
204
254
223
202
152
217
181
244
251
157
170
144
160
230
183
252
243
131
231
139
210
221
208
234
200
229
213
242
187
226
216
195
247
179
237
192
250
239
174
166
205
224
203
218
153
245
182
252
255
158
171
145
161
231
253
184
244
232
132
140
211
222
209
235
201
230
214
243
188
227
217
196
248
238
180
193
240
175
251
167
206
225
204
219
246
183
154
253
159
172
232
162
146
254
185
245
233
133
212
141
255
223
210
236
231
202
215
244
189
228
218
197
239
249
181
194
241
176
168
252
207
226
205
220
247
184
155
254
160
233
173
163
147
255
246
186
234
213
134
142
199
224
211
237
232
203
216
245
190
229
219
198
240
250
182
195
242
177
169
208
253
227
206
221
248
185
156
255
234
161
174
164
148
247
187
235
214
135
143
200
193
225
212
238
233
204
217
246
191
230
220
199
241
183
196
251
243
178
209
170
228
254
207
222
249
186
157
235
162
175
248
165
149
236
188
215
253
255
201
136
194
226
213
239
234
205
218
247
231
192
221
200
242
197
184
244
252
210
179
171
229
208
223
250
255
187
236
158
163
249
176
166
237
150
189
216
254
202
253
195
245
227
214
240
235
206
219
248
232
193
222
201
243
198
185
245
253
211
180
172
230
209
224
251
188
237
159
250
164
177
238
167
255
151
190
217
254
203
246
196
138
228
215
241
236
220
207
233
249
194
223
202
244
199
246
186
212
181
254
173
231
225
210
252
238
189
251
160
165
239
178
255
168
191
152
218
247
204
197
147
139
229
216
242
237
221
208
234
224
195
250
203
245
247
200
187
213
182
232
174
226
211
255
253
239
190
252
161
240
179
166
169
192
219
153
248
205
198
254
218
244
230
217
238
243
222
209
235
225
196
251
204
246
248
201
188
214
233
183
175
227
212
254
240
191
253
241
162
180
167
170
193
220
249
255
154
206
199
245
219
232
231
218
239
244
223
210
236
226
197
252
247
205
249
202
189
215
234
184
228
213
176
241
255
254
192
242
163
181
168
250
221
194
171
155
207
200
246
220
253
233
232
219
240
245
224
211
237
227
198
248
206
253
250
203
190
216
235
229
185
214
177
242
255
193
243
251
164
182
222
169
195
172
208
247
156
254
201
221
252
234
233
220
241
225
246
212
238
228
199
249
207
251
254
204
217
191
236
230
186
215
243
178
244
194
252
255
165
223
183
170
196
173
248
209
253
157
202
222
235
231
234
221
242
226
247
213
239
229
200
250
208
252
205
218
237
192
255
231
216
187
244
179
245
195
253
224
184
166
254
249
197
171
174
210
203
223
236
158
232
182
235
222
243
227
248
214
240
230
201
251
209
253
206
238
219
193
232
217
245
188
246
180
254
196
255
225
250
185
167
198
172
211
175
237
224
204
159
233
249
252
236
244
223
228
249
215
241
231
202
252
210
239
254
207
220
233
194
246
218
189
247
255
181
197
251
226
186
199
168
173
212
238
225
176
205
234
253
250
160
242
237
245
224
229
250
216
242
232
203
253
211
240
221
208
234
255
247
195
219
248
190
182
252
198
227
187
200
239
254
213
169
226
174
251
177
206
235
161
243
185
238
246
225
230
243
251
217
233
204
212
254
241
222
209
235
248
196
220
249
191
253
183
199
255
228
240
201
252
188
214
227
170
236
175
207
178
244
162
245
250
239
247
226
231
244
218
252
234
205
213
242
255
223
236
210
249
250
221
197
254
192
184
229
200
253
241
202
228
215
189
237
208
171
245
176
179
251
246
163
187
240
248
232
227
245
219
235
253
243
206
214
224
237
250
211
251
222
255
198
193
254
230
185
201
242
229
238
216
203
190
246
252
209
172
177
247
180
164
249
217
241
249
233
228
246
236
220
254
244
215
207
238
251
225
252
212
223
199
255
194
231
243
186
202
230
239
253
247
217
204
191
248
210
173
178
181
250
218
165
189
242
250
234
229
247
237
221
255
245
252
239
216
208
226
253
213
224
200
232
195
244
254
203
187
240
248
231
218
249
205
211
192
251
179
174
182
219
236
190
166
243
235
251
230
248
238
222
246
253
240
254
217
227
209
214
225
255
201
233
245
196
249
241
204
232
250
188
219
252
206
212
193
180
175
183
220
237
247
191
244
244
236
252
231
249
239
223
247
254
241
255
228
218
210
215
226
246
234
202
250
242
251
197
233
253
205
189
220
207
213
194
238
221
181
184
176
248
245
192
243
245
237
250
253
232
240
224
248
255
242
229
219
211
227
216
247
235
251
254
252
203
243
234
198
206
221
190
208
214
195
239
249
246
222
182
185
177
244
230
238
246
238
251
233
254
241
249
225
243
230
220
212
228
255
217
248
252
253
236
244
204
235
199
207
222
191
209
215
250
240
247
196
223
245
239
231
186
183
227
178
247
239
252
234
242
255
250
226
244
231
221
254
253
249
229
213
218
237
245
236
205
223
200
208
251
248
210
216
241
192
246
224
197
240
232
228
187
184
179
243
248
253
240
243
235
251
245
227
255
232
254
250
222
230
238
214
246
219
237
252
206
224
249
209
201
242
247
217
211
193
225
241
233
198
229
244
188
185
216
180
249
254
241
244
252
236
246
228
255
251
233
231
223
247
239
220
215
253
238
250
207
225
243
248
210
202
218
212
242
226
234
194
230
245
199
217
235
189
240
186
250
242
245
255
253
237
247
252
229
234
248
254
232
240
224
239
221
216
251
249
244
226
208
243
211
219
203
213
227
235
246
231
195
200
241
236
218
238
190
198
251
254
246
243
238
248
253
255
230
249
235
241
233
252
225
240
222
250
217
245
227
244
209
247
236
220
212
228
214
232
204
242
237
196
201
239
219
231
199
191
252
255
247
244
249
254
239
250
231
253
236
242
234
241
251
226
246
223
218
245
248
228
237
229
210
221
233
213
243
215
238
205
240
220
197
202
232
235
225
224
253
248
255
245
250
240
251
254
243
252
237
232
242
235
247
227
246
249
224
219
229
238
244
230
234
239
222
241
211
214
216
206
221
233
236
203
226
198
225
231
254
249
251
255
246
252
253
241
244
248
238
243
250
233
247
236
228
239
245
225
230
240
235
242
220
231
223
234
237
217
215
212
222
232
227
207
226
218
229
204
255
252
253
250
254
247
249
251
242
245
248
244
239
246
237
234
240
243
241
236
229
231
232
226
238
235
221
224
233
228
227
223
230
218
216
213
219
225
208
222
