0
3
2
5
1
8
6
4
13
10
7
11
16
9
18
21
15
12
14
19
26
24
23
29
17
20
34
31
22
27
28
32
25
37
39
42
36
30
47
33
256
257
258
259
1
6
4
0
9
3
2
14
11
7
17
12
5
22
8
19
27
16
10
30
25
15
20
13
35
24
32
21
18
38
40
43
33
23
28
48
29
37
26
51
256
257
258
259
2
7
0
10
5
15
4
1
12
3
18
23
13
20
8
28
9
6
31
36
26
17
11
25
21
16
33
14
44
41
39
49
34
22
19
52
29
57
30
24
256
257
258
259
3
0
8
11
6
1
16
5
24
2
19
13
21
14
4
29
9
32
37
10
7
27
18
26
45
34
22
42
12
40
17
50
15
35
53
60
23
20
30
31
256
257
258
259
4
1
9
12
17
7
2
0
25
6
20
14
22
3
30
15
33
5
38
10
28
11
46
8
19
35
43
27
41
23
51
13
18
54
16
61
36
24
56
48
256
257
258
259
5
13
10
0
2
18
8
3
26
21
7
1
23
15
31
16
34
39
4
6
11
29
47
12
44
36
52
42
28
20
9
24
62
55
14
19
37
17
57
70
256
257
258
259
6
1
14
11
3
19
9
27
0
4
22
24
32
8
16
35
40
2
17
5
48
30
12
7
45
53
37
43
13
29
21
25
63
10
58
56
38
20
15
71
256
257
258
259
7
2
15
12
20
4
10
28
0
23
1
5
33
25
17
41
9
36
18
3
49
31
6
46
54
13
8
38
44
30
14
64
59
22
57
26
11
72
39
21
256
257
258
259
8
16
3
21
13
0
5
29
11
24
34
1
2
6
26
42
37
18
10
19
50
32
55
47
4
7
45
39
14
65
9
60
31
15
23
27
73
12
40
78
256
257
258
259
9
17
4
22
1
14
6
30
12
25
35
43
27
0
38
7
3
2
19
11
51
20
56
48
33
58
46
40
5
66
15
61
8
32
10
16
24
74
28
79
256
257
258
259
10
18
5
2
23
15
31
7
0
13
26
36
44
28
39
8
20
4
1
3
52
12
21
57
49
34
59
47
67
41
62
16
6
9
33
75
11
25
17
29
256
257
258
259
11
19
3
24
6
16
32
8
1
14
0
27
37
45
40
29
9
21
53
5
13
4
22
2
50
60
35
68
48
42
63
17
76
34
7
10
81
12
26
73
256
257
258
259
12
20
4
25
7
17
33
9
2
15
1
38
28
46
41
30
0
54
22
10
6
14
51
23
5
61
36
69
3
49
64
43
77
35
18
82
74
8
11
90
256
257
258
259
13
5
21
26
8
18
34
0
10
3
16
39
47
29
2
42
31
55
23
11
1
52
62
15
7
24
70
37
6
50
65
44
4
78
83
36
19
75
91
12
256
257
258
259
14
6
22
27
9
19
35
1
11
40
48
17
4
30
3
43
32
58
56
0
24
12
53
63
71
25
16
2
8
38
66
51
7
45
79
5
84
37
76
92
256
257
258
259
15
7
23
28
10
36
20
2
12
49
41
31
18
5
44
4
33
0
59
57
1
25
54
64
72
13
67
26
17
39
52
9
3
46
80
8
85
77
6
93
256
257
258
259
16
8
29
24
11
37
3
21
50
42
13
0
32
19
45
6
5
34
60
1
26
65
55
73
2
14
68
53
27
40
18
81
47
10
4
86
9
94
78
39
256
257
258
259
17
9
30
25
12
4
38
22
51
43
1
14
33
46
20
7
61
35
6
2
66
74
56
0
27
69
15
54
58
3
41
28
82
19
48
87
11
95
79
10
256
257
258
259
18
10
31
26
5
39
13
23
52
2
44
15
34
47
21
0
62
8
36
7
75
67
3
57
28
70
59
55
16
1
83
42
29
4
49
20
88
12
96
80
256
257
258
259
19
11
32
27
6
40
14
24
53
3
45
16
1
48
35
22
63
9
37
8
0
76
68
4
58
29
71
60
56
84
43
17
30
50
89
21
2
5
97
81
256
257
258
259
20
33
12
28
7
41
15
25
54
4
46
2
49
17
36
64
23
38
10
9
77
1
69
0
59
72
30
5
85
61
57
44
90
18
31
51
98
22
82
6
256
257
258
259
21
34
13
29
8
42
16
26
55
5
47
3
50
37
18
65
0
24
39
11
78
10
70
2
73
60
31
86
1
62
6
91
45
52
32
19
99
83
23
7
256
257
258
259
22
35
14
30
9
43
17
27
56
6
48
58
4
1
51
66
38
19
25
40
12
79
71
11
74
3
61
0
87
32
63
7
92
46
2
100
53
33
20
84
256
257
258
259
23
36
15
10
31
44
18
28
57
7
49
59
2
5
52
67
39
20
26
41
13
80
72
0
12
75
62
4
88
33
64
93
47
8
1
101
54
34
85
3
256
257
258
259
24
37
16
11
32
45
19
29
3
8
60
50
6
53
68
40
21
27
42
81
14
0
73
1
13
76
63
89
5
65
34
94
102
48
55
9
86
35
2
22
256
257
258
259
25
38
17
12
33
46
20
30
4
61
51
9
7
54
69
41
22
28
43
82
1
74
15
2
77
14
64
90
66
95
35
6
0
103
49
56
87
10
36
23
256
257
258
259
26
39
13
18
34
47
21
31
5
62
52
10
8
70
55
42
23
29
83
44
0
2
75
16
3
78
65
91
15
96
67
36
104
7
50
57
88
1
37
11
256
257
258
259
27
40
14
19
35
48
22
6
32
63
53
58
11
71
56
9
43
1
24
84
30
45
3
76
17
79
4
92
66
16
97
0
68
105
37
8
51
89
38
12
256
257
258
259
28
41
15
20
49
36
7
23
33
64
54
59
12
72
57
10
2
44
25
85
46
31
77
4
18
80
93
67
5
98
17
69
0
106
38
1
90
52
9
39
256
257
258
259
29
42
16
21
50
37
8
24
34
65
55
60
13
73
11
3
45
86
26
47
78
32
5
0
81
19
94
68
6
99
18
70
107
39
1
91
53
2
10
120
256
257
258
259
30
43
17
22
51
38
9
25
35
66
61
56
14
74
4
12
58
46
87
27
1
79
48
33
6
82
95
20
69
100
7
108
71
19
40
92
2
0
54
3
256
257
258
259
31
44
18
23
52
39
10
26
36
67
62
57
15
75
5
13
59
47
88
2
28
80
49
34
7
83
96
70
0
21
101
109
8
72
20
41
93
55
3
122
256
257
258
259
32
45
19
24
53
40
11
27
37
68
63
76
16
6
14
60
3
48
89
81
29
50
35
8
84
97
1
71
22
102
110
0
73
9
58
21
94
42
56
123
256
257
258
259
33
46
20
54
25
41
12
28
69
38
64
77
7
17
15
61
4
49
90
82
30
51
36
9
85
98
2
72
103
23
111
74
1
10
59
22
95
43
0
57
256
257
258
259
34
47
21
55
26
42
13
29
70
39
65
78
8
18
5
16
62
91
50
83
31
52
37
10
86
99
3
0
73
104
112
24
75
2
60
11
23
96
44
125
256
257
258
259
35
48
22
58
56
27
43
14
30
71
40
66
79
9
19
6
63
17
92
51
84
1
32
53
38
87
100
11
4
105
74
113
25
76
3
61
12
97
24
126
256
257
258
259
36
23
49
59
57
28
44
15
72
31
41
67
10
80
20
7
64
18
93
52
85
2
54
33
88
101
39
12
5
106
75
114
26
77
62
4
0
98
13
25
256
257
258
259
37
24
50
60
29
45
16
73
32
42
68
11
81
21
8
65
94
19
3
53
86
55
34
102
89
40
6
13
107
76
115
0
78
27
63
99
5
1
14
128
256
257
258
259
38
25
51
61
30
46
17
74
33
43
69
12
82
9
22
66
95
20
4
54
87
56
103
90
35
41
7
14
108
116
77
1
58
79
28
64
100
6
129
15
256
257
258
259
39
26
52
62
31
47
18
75
34
70
44
13
83
10
23
5
96
67
21
55
88
104
57
91
36
42
109
8
15
117
2
78
59
0
80
29
65
101
130
7
256
257
258
259
40
27
53
63
32
19
48
76
35
71
14
84
45
11
58
24
6
97
68
22
56
89
105
92
37
110
43
9
3
118
16
79
1
60
81
30
66
102
131
8
256
257
258
259
41
28
54
64
33
20
49
77
36
72
15
85
46
12
7
59
25
98
69
23
57
90
106
93
38
111
4
44
119
10
2
80
17
61
82
31
103
67
132
127
256
257
258
259
42
29
55
65
34
21
50
78
37
73
16
86
47
13
8
60
26
99
70
24
91
107
94
112
39
3
5
120
45
11
81
18
62
83
0
104
32
133
68
128
256
257
258
259
43
30
56
66
22
35
51
58
79
38
17
74
87
48
9
14
61
27
100
71
25
92
108
95
4
113
6
40
121
46
12
82
1
19
63
84
105
134
33
69
256
257
258
259
44
31
57
67
23
36
52
59
80
88
18
75
39
49
10
15
62
101
28
72
26
93
109
96
5
114
7
122
2
41
47
13
83
20
64
85
106
135
70
34
256
257
258
259
45
32
68
24
37
53
60
81
89
19
76
40
50
11
16
63
102
29
73
94
27
110
97
6
3
115
8
123
42
48
84
14
21
86
65
136
107
71
35
131
256
257
258
259
46
33
69
25
38
54
61
82
90
20
77
41
12
51
17
103
64
30
74
95
28
111
4
98
7
116
124
9
43
85
49
15
22
87
66
137
108
72
36
132
256
257
258
259
47
34
70
26
39
55
62
83
91
21
78
13
42
52
18
104
65
31
75
96
29
5
112
8
99
117
125
10
44
86
50
16
23
88
67
138
109
0
73
133
256
257
258
259
48
58
35
71
27
40
56
63
84
92
22
79
14
43
53
19
105
66
32
76
97
30
6
113
9
100
118
126
11
45
87
51
17
24
1
89
68
139
110
74
256
257
258
259
49
59
36
72
28
41
57
64
85
93
23
15
80
44
54
20
106
67
33
77
98
7
31
114
10
101
119
127
12
46
88
52
2
18
25
90
140
69
111
135
256
257
258
259
50
60
73
37
29
42
65
86
94
16
24
81
45
55
21
107
68
78
34
99
8
32
115
11
102
120
128
13
3
47
89
53
19
26
91
141
70
112
136
76
256
257
258
259
51
74
61
38
30
43
66
87
17
95
25
82
46
56
22
108
69
79
35
9
58
100
33
116
12
103
121
129
14
4
90
48
54
20
142
92
27
71
113
1
256
257
258
259
52
75
39
62
31
44
67
88
18
96
26
83
47
23
57
109
70
80
36
10
101
59
117
34
13
104
122
130
5
15
91
49
55
21
143
93
28
2
114
72
256
257
258
259
53
76
40
63
32
45
68
89
19
97
27
84
48
24
110
71
81
11
37
102
60
118
35
14
105
123
6
131
58
16
92
50
56
22
144
3
94
115
29
73
256
257
258
259
54
77
41
64
33
46
69
90
20
98
28
85
49
25
111
72
12
82
38
103
61
119
36
15
106
7
124
132
59
17
93
51
57
4
23
145
95
116
30
74
256
257
258
259
55
78
42
65
34
47
70
91
21
99
29
86
50
26
112
73
13
83
39
104
62
120
16
37
8
107
125
133
60
18
94
52
5
146
24
96
117
75
31
141
256
257
258
259
56
58
79
43
66
35
48
71
92
22
100
30
87
51
27
113
14
74
84
40
105
63
121
9
17
38
108
126
134
61
19
95
6
53
147
25
97
118
76
142
256
257
258
259
57
59
80
44
67
36
49
72
93
23
101
31
88
52
28
114
15
75
85
106
41
64
122
10
18
39
109
127
135
62
20
7
96
54
148
26
98
119
2
143
256
257
258
259
58
56
48
79
71
35
92
43
66
22
27
100
84
113
63
105
40
87
30
14
51
126
74
121
19
134
53
9
97
17
118
76
108
38
6
147
32
139
61
95
256
257
258
259
59
57
49
80
72
36
93
44
67
23
28
101
85
114
106
64
41
88
31
15
52
127
75
122
135
10
20
54
98
18
119
77
109
7
148
39
33
140
62
2
256
257
258
259
60
50
81
73
37
94
45
68
24
29
102
86
115
107
65
42
89
32
16
53
128
76
11
123
136
21
55
99
19
120
8
78
110
149
40
34
141
63
3
97
256
257
258
259
61
51
82
74
38
95
46
69
25
30
103
87
116
108
66
43
90
17
33
54
129
77
12
124
137
22
56
100
20
121
9
111
79
150
41
35
142
4
58
64
256
257
258
259
62
52
83
75
39
96
47
70
26
31
104
88
117
109
67
44
18
91
34
130
55
13
78
125
138
23
57
101
10
122
21
112
80
151
5
42
143
36
59
65
256
257
258
259
63
53
84
76
40
97
48
71
27
32
105
89
118
110
58
19
68
45
92
35
131
56
14
79
126
139
24
102
11
123
22
113
81
152
6
43
144
37
60
66
256
257
258
259
64
54
85
41
77
98
49
72
28
33
106
90
119
111
59
20
69
46
93
36
132
57
15
127
140
80
25
12
103
124
23
7
114
153
82
145
44
38
61
67
256
257
258
259
65
55
86
42
78
99
50
73
29
34
107
120
91
112
21
60
70
47
94
37
133
16
141
128
81
26
13
104
125
8
24
115
154
83
146
45
39
62
68
102
256
257
258
259
66
56
87
43
79
100
58
51
74
30
35
108
121
92
22
113
61
71
48
95
38
134
17
142
129
82
27
14
9
105
126
25
116
155
84
147
46
40
63
69
256
257
258
259
67
57
88
44
80
101
59
52
75
31
36
109
122
93
23
114
62
72
49
96
39
135
18
143
130
83
28
15
10
106
127
26
117
156
85
148
47
41
64
70
256
257
258
259
68
89
45
81
102
60
53
76
32
37
110
123
94
24
115
63
73
97
50
40
136
19
144
131
84
11
16
29
107
128
27
118
157
86
149
48
42
65
71
165
256
257
258
259
69
46
90
82
103
61
54
77
33
38
111
124
95
25
116
64
74
98
51
41
137
20
145
132
12
85
17
30
108
129
28
158
119
87
150
49
43
66
72
7
256
257
258
259
70
47
91
83
104
62
55
78
34
39
112
125
96
26
117
65
75
99
52
42
138
21
146
133
13
86
18
31
109
130
159
29
120
88
151
50
44
67
73
5
256
257
258
259
71
48
92
58
84
105
63
56
79
35
40
113
126
27
97
118
66
76
100
53
43
139
22
14
147
134
19
87
32
110
131
160
30
121
89
152
51
45
6
68
256
257
258
259
72
49
93
59
85
106
64
57
80
36
41
114
127
28
98
119
67
101
77
54
44
140
23
15
148
135
20
88
33
132
111
161
122
31
90
153
52
7
46
69
256
257
258
259
73
50
94
60
86
107
65
81
37
42
115
128
29
99
120
68
102
78
55
45
141
24
16
149
136
21
89
34
133
112
162
123
32
91
154
8
53
47
11
70
256
257
258
259
74
51
95
61
87
108
66
82
38
43
116
129
30
100
121
69
103
79
56
46
142
25
17
58
150
137
22
90
35
134
113
163
124
33
92
155
9
54
12
48
256
257
258
259
75
52
96
62
88
109
67
83
39
44
117
130
31
101
122
70
104
80
57
47
143
26
18
59
151
138
23
91
36
135
114
164
125
34
156
93
10
55
13
49
256
257
258
259
76
53
97
63
89
110
68
84
40
45
118
32
131
102
123
71
105
81
48
144
27
19
60
152
139
24
92
37
136
115
58
165
126
35
157
94
11
14
56
50
256
257
258
259
77
54
98
64
90
111
69
85
41
46
119
33
132
103
124
72
106
82
49
145
28
20
153
61
140
25
93
38
137
116
59
166
127
36
12
158
95
15
57
51
256
257
258
259
78
55
99
65
91
112
70
86
42
47
120
34
133
104
125
73
107
83
50
146
29
21
154
62
141
26
94
39
138
117
60
167
128
13
37
159
96
16
8
52
256
257
258
259
79
56
100
58
66
92
113
71
87
43
48
121
35
134
105
126
74
108
84
51
147
30
22
155
142
63
27
95
40
139
118
168
61
129
14
38
160
97
17
9
256
257
258
259
80
57
101
59
67
93
114
72
88
44
49
122
36
135
106
127
109
75
85
52
148
23
31
156
143
28
64
96
41
140
119
169
62
15
130
39
161
98
18
10
256
257
258
259
81
102
60
68
94
115
73
89
45
50
123
37
136
107
128
110
76
86
53
149
24
32
157
144
29
65
97
141
42
120
170
16
63
131
40
162
99
19
11
178
256
257
258
259
82
103
61
69
95
116
74
90
46
51
124
38
137
108
129
111
77
87
54
150
25
33
158
145
30
66
98
142
43
121
17
171
64
132
163
41
100
12
20
179
256
257
258
259
83
104
62
70
96
117
75
91
47
52
125
39
138
109
130
112
78
88
55
26
151
34
159
31
146
67
99
143
44
18
122
172
65
133
164
42
101
13
21
180
256
257
258
259
84
105
63
71
97
118
76
92
48
53
40
126
139
58
110
131
113
79
89
56
27
152
35
160
32
147
68
100
19
144
45
123
173
134
66
165
43
102
14
22
256
257
258
259
85
106
64
72
98
119
77
93
49
54
41
127
140
59
111
132
114
80
90
57
28
153
36
161
33
148
69
101
20
145
46
124
174
135
67
166
44
15
103
23
256
257
258
259
86
107
65
73
99
120
78
94
50
42
55
128
141
60
112
133
115
81
91
29
154
37
162
34
149
70
21
102
146
47
125
175
136
68
167
16
45
104
24
183
256
257
258
259
87
108
66
74
100
121
79
95
51
43
56
129
142
61
113
134
58
116
82
92
30
155
38
163
35
150
71
22
103
147
126
48
176
137
69
168
17
46
105
25
256
257
258
259
88
109
67
75
101
122
80
96
52
44
57
130
143
62
114
135
59
117
83
93
31
156
39
164
36
151
72
23
104
148
127
49
177
138
70
18
169
47
106
26
256
257
258
259
89
110
68
76
102
123
81
97
53
45
131
144
63
115
136
60
118
84
32
94
157
40
165
37
152
73
24
105
149
128
178
50
139
19
71
170
48
107
27
186
256
257
258
259
90
111
69
77
103
124
82
98
54
46
132
145
64
116
137
61
119
33
85
95
158
41
166
38
153
74
25
106
150
129
179
51
140
20
72
171
49
108
28
12
256
257
258
259
91
112
70
78
104
125
83
99
55
47
133
146
65
117
138
62
120
34
86
96
159
42
167
39
154
26
75
107
151
130
180
52
21
141
73
172
50
109
29
13
256
257
258
259
92
113
71
79
105
126
58
84
100
56
48
134
147
66
118
139
63
121
35
87
97
160
43
168
40
155
27
76
108
152
131
181
53
22
142
173
74
51
110
30
256
257
258
259
93
114
72
80
106
127
59
85
101
57
49
135
148
67
119
140
64
36
122
88
98
161
44
169
41
156
28
77
109
153
132
182
23
54
143
174
75
52
31
111
256
257
258
259
94
115
73
81
107
128
60
86
102
50
136
149
68
120
141
65
37
123
89
99
162
45
170
42
157
29
78
154
110
133
24
183
55
144
175
76
53
32
112
16
256
257
258
259
95
116
74
82
108
129
61
87
103
51
137
150
69
121
142
66
38
124
90
100
163
46
171
43
158
30
79
155
111
25
134
184
56
145
176
77
54
33
113
17
256
257
258
259
96
117
75
83
109
130
62
88
104
52
138
151
70
122
143
67
39
125
91
101
164
47
172
44
159
31
80
156
112
26
135
185
57
146
177
78
55
34
18
114
256
257
258
259
97
118
76
84
110
131
63
89
105
53
139
152
71
144
123
68
40
126
92
102
165
48
173
45
160
32
58
81
157
113
27
136
186
147
178
79
19
35
56
115
256
257
258
259
98
119
77
85
111
132
64
90
106
54
140
153
72
145
124
69
41
127
93
103
166
49
174
46
161
33
59
82
158
28
114
137
187
148
179
80
20
36
57
116
256
257
258
259
99
120
78
86
112
133
65
91
107
55
141
154
73
146
125
42
70
128
94
104
167
50
175
47
162
34
60
83
29
159
115
138
188
149
180
21
81
37
117
62
256
257
258
259
100
121
79
87
113
134
66
92
108
56
142
58
155
74
147
126
43
71
129
95
105
168
51
176
48
163
35
61
84
30
160
116
139
189
150
181
22
82
38
118
256
257
258
259
101
122
80
88
114
135
67
93
109
57
143
59
156
75
148
127
44
72
130
96
106
169
52
177
49
36
164
62
85
31
161
117
140
190
151
182
23
83
39
119
256
257
258
259
102
123
81
89
115
136
68
94
110
144
60
157
76
149
128
45
73
131
97
107
170
53
37
50
178
165
63
32
86
162
118
141
191
152
24
183
84
40
120
65
256
257
258
259
103
124
82
90
116
137
69
95
111
145
61
158
77
150
129
46
74
132
98
108
171
54
38
51
179
166
33
64
87
163
119
142
192
153
25
184
85
41
121
66
256
257
258
259
104
125
83
91
117
138
70
96
112
146
62
159
78
151
130
47
75
133
99
109
172
55
39
52
180
167
34
65
88
164
120
143
193
154
26
185
86
42
122
67
256
257
258
259
105
126
84
92
118
139
71
97
113
147
63
160
79
152
131
58
48
76
134
100
110
173
56
40
53
181
168
35
66
89
165
121
144
194
27
155
186
87
43
123
256
257
258
259
106
127
85
93
119
140
72
98
114
148
64
161
80
153
132
59
49
77
135
101
111
174
57
41
54
182
169
36
67
90
166
122
145
28
195
156
187
88
44
124
256
257
258
259
107
128
86
94
120
141
73
99
115
149
65
162
81
154
133
60
50
78
136
102
112
175
42
55
183
170
37
68
91
167
123
146
29
196
157
188
89
45
125
70
256
257
258
259
108
129
87
95
121
142
74
100
116
150
66
163
82
155
134
61
51
79
137
103
113
176
43
56
184
171
38
69
92
168
124
58
30
147
197
158
189
90
46
126
256
257
258
259
109
130
88
96
122
143
75
101
117
151
67
164
83
156
135
62
52
80
138
104
114
177
44
57
185
172
39
70
93
169
125
59
31
148
159
198
190
91
47
127
256
257
258
259
110
131
89
97
123
144
76
102
118
152
68
165
84
157
136
63
53
81
139
105
115
178
45
173
186
40
71
170
94
32
126
60
149
160
199
191
92
48
128
37
256
257
258
259
111
132
90
98
124
145
77
103
119
153
69
166
85
158
137
64
54
82
140
106
116
179
46
174
187
41
72
171
95
33
127
61
150
161
200
192
93
49
129
38
256
257
258
259
112
133
91
99
125
146
78
104
120
154
70
167
86
159
138
65
55
83
141
107
117
180
47
175
188
42
172
73
96
34
128
62
151
162
201
193
94
50
130
39
256
257
258
259
113
134
92
100
126
147
79
105
121
155
71
168
58
87
160
139
66
56
84
142
108
118
181
48
176
189
43
173
35
74
97
129
63
152
163
202
194
95
51
131
256
257
258
259
114
135
93
101
127
148
80
106
122
156
72
169
59
88
161
140
67
57
85
143
109
119
182
49
177
190
44
36
174
75
98
130
64
153
164
203
195
96
52
132
256
257
258
259
115
136
94
102
128
149
81
107
123
157
73
170
60
89
162
141
68
86
144
110
120
183
50
178
191
45
37
175
76
99
131
65
154
165
204
196
97
53
133
42
256
257
258
259
116
137
95
103
129
150
82
108
124
158
74
171
61
90
163
142
69
87
145
111
121
184
51
179
192
46
38
176
77
100
132
155
66
166
205
197
98
54
134
43
256
257
258
259
117
138
96
104
130
151
83
109
125
159
75
172
62
91
164
143
70
88
146
112
122
185
52
180
193
47
39
177
78
101
133
156
67
167
206
198
99
55
135
26
256
257
258
259
118
139
97
105
131
152
84
110
126
160
76
173
63
92
165
144
71
89
147
113
123
186
53
181
194
48
40
58
178
79
102
134
157
68
168
207
199
56
100
136
256
257
258
259
119
140
98
106
132
153
85
111
127
161
77
174
64
93
166
145
72
90
148
114
124
187
54
182
195
49
41
59
179
80
103
135
158
69
169
208
200
57
101
137
256
257
258
259
120
141
99
107
133
154
86
112
128
162
78
175
65
94
167
146
73
91
149
115
125
188
55
183
196
50
42
60
180
81
104
136
159
70
170
209
201
102
138
29
256
257
258
259
121
142
100
108
134
155
87
113
129
163
79
176
66
95
168
147
74
92
150
116
126
189
56
184
58
51
197
43
61
181
82
105
137
160
71
171
210
202
103
139
256
257
258
259
122
143
101
109
135
156
88
114
130
164
80
177
67
96
169
148
75
93
151
117
127
190
57
185
59
52
198
44
62
182
83
106
138
161
72
172
211
203
104
140
256
257
258
259
123
144
102
110
136
157
89
115
131
165
81
178
68
97
170
76
149
94
152
118
128
191
186
60
53
199
45
63
183
84
107
139
162
73
173
212
204
105
141
32
256
257
258
259
124
145
103
111
137
158
90
116
132
166
82
179
69
98
171
77
150
95
153
119
129
192
187
54
61
200
46
64
184
85
108
140
163
74
174
213
205
106
142
33
256
257
258
259
125
146
104
112
138
159
91
117
133
167
83
180
70
99
172
78
151
96
154
120
130
193
188
55
62
201
47
65
185
86
109
141
164
75
175
214
206
107
143
34
256
257
258
259
126
147
105
113
139
160
92
118
134
168
84
181
71
100
173
79
152
97
155
121
131
194
58
56
189
63
202
48
66
186
87
110
142
165
76
176
215
207
108
144
256
257
258
259
127
148
106
114
140
161
93
119
135
169
85
182
72
101
174
80
153
98
156
122
132
195
59
57
190
64
203
49
67
187
88
111
143
166
77
177
216
208
109
145
256
257
258
259
128
107
149
141
115
94
162
136
120
86
170
73
183
154
81
175
102
157
99
133
123
60
196
65
191
50
204
188
68
167
144
112
89
178
78
209
217
146
110
37
256
257
258
259
129
108
150
142
116
95
163
137
121
87
171
74
184
155
82
176
103
158
100
134
124
61
197
66
192
51
205
189
69
168
145
113
90
179
79
210
218
147
111
38
256
257
258
259
130
109
151
143
117
96
164
138
122
88
172
75
185
156
83
177
104
159
101
135
125
62
198
67
193
52
206
190
70
169
146
114
91
180
80
211
219
148
112
39
256
257
258
259
131
110
152
144
118
97
165
139
123
89
173
76
186
157
84
178
105
160
102
136
126
63
199
68
194
53
207
191
71
170
147
115
92
181
81
212
220
149
40
113
256
257
258
259
132
111
153
145
119
98
166
140
124
90
174
77
187
158
85
179
106
161
103
137
127
64
200
69
195
54
208
192
72
171
148
116
93
182
82
213
221
41
150
114
256
257
258
259
133
112
154
146
120
99
167
141
125
91
175
78
188
159
86
107
180
162
104
138
128
65
201
70
196
55
209
193
73
172
149
117
94
183
83
214
42
222
151
115
256
257
258
259
134
113
155
147
121
100
168
142
126
92
176
79
189
160
87
108
181
163
105
139
129
66
202
71
197
56
58
210
194
74
173
150
118
95
184
84
215
43
152
223
256
257
258
259
135
114
156
148
122
101
169
143
127
93
177
80
190
161
88
109
182
164
106
140
130
67
203
72
198
57
59
211
195
75
174
151
119
96
185
85
216
44
153
117
256
257
258
259
136
115
157
149
123
102
170
144
128
94
178
81
191
162
89
110
183
165
107
141
131
68
204
73
199
60
212
196
76
175
152
120
97
186
86
45
217
154
118
225
256
257
258
259
137
116
158
150
124
103
171
145
129
95
179
82
192
163
90
111
184
166
108
142
132
69
205
74
61
200
213
197
77
176
153
121
98
187
87
46
218
155
119
226
256
257
258
259
138
117
159
151
125
104
172
146
130
96
180
83
193
164
91
112
185
167
109
143
133
70
206
75
62
201
214
198
78
177
154
122
99
188
88
47
156
219
120
227
256
257
258
259
139
118
160
152
126
105
173
147
131
97
181
84
194
165
92
113
186
168
110
144
134
71
207
76
63
202
215
199
79
178
155
123
100
189
89
58
48
157
220
121
256
257
258
259
140
119
161
153
127
106
174
148
132
98
182
85
195
166
93
114
187
169
111
145
135
72
208
77
64
203
216
200
80
179
156
124
190
101
90
59
49
158
221
122
256
257
258
259
141
120
162
154
128
107
175
149
133
99
183
86
196
167
94
115
188
170
112
146
136
73
209
78
65
204
217
201
81
180
157
125
191
102
91
60
50
159
123
222
256
257
258
259
142
121
163
155
129
108
176
150
134
100
184
87
197
168
95
116
189
171
113
147
137
74
210
79
66
205
218
202
82
181
158
126
192
103
92
61
51
160
124
223
256
257
258
259
143
122
164
156
130
109
177
151
135
101
185
88
198
169
96
117
190
172
114
148
138
75
211
80
67
206
219
203
83
182
159
127
193
104
93
62
52
161
125
224
256
257
258
259
144
123
165
157
131
110
178
152
136
102
186
89
199
170
97
118
191
173
115
149
139
76
212
81
68
207
204
183
84
220
160
128
194
105
94
63
53
162
126
225
256
257
258
259
145
124
166
158
132
111
179
153
137
103
187
90
200
171
98
119
192
174
116
150
140
77
213
82
69
208
205
184
85
161
221
129
195
106
95
64
54
163
127
226
256
257
258
259
146
125
167
159
133
112
180
154
138
104
188
91
172
201
99
120
193
175
117
151
141
78
214
70
83
209
185
206
162
86
222
130
196
107
96
65
55
164
128
227
256
257
258
259
147
126
168
160
134
113
181
155
139
105
189
92
173
202
100
121
194
176
118
152
142
79
215
71
84
210
186
207
163
87
223
131
197
108
58
97
66
56
165
129
256
257
258
259
148
127
169
161
135
114
182
156
140
106
190
93
174
203
101
122
195
177
119
153
143
80
216
72
85
211
187
164
208
88
132
198
224
109
59
98
67
57
166
130
256
257
258
259
149
128
170
162
136
115
183
157
141
107
191
94
175
204
102
123
196
178
120
154
144
81
217
73
86
212
188
165
209
89
199
133
225
110
60
99
68
167
131
230
256
257
258
259
150
129
171
163
137
116
184
158
142
108
192
95
176
103
205
124
197
179
121
155
145
82
218
74
87
213
189
166
210
90
200
134
111
226
61
100
69
168
132
231
256
257
258
259
151
130
172
164
138
117
185
159
143
109
193
96
177
104
125
206
198
180
122
156
146
83
219
75
88
214
190
167
211
91
201
135
112
227
62
101
70
169
133
232
256
257
258
259
152
131
173
165
139
118
186
160
144
110
194
97
178
105
126
207
199
181
123
157
147
84
220
76
89
215
191
168
212
92
202
136
113
63
228
102
71
170
134
233
256
257
258
259
153
132
174
166
140
119
187
161
145
111
195
98
179
106
127
208
200
182
124
158
148
85
77
221
90
216
192
169
213
93
203
137
114
64
103
229
72
171
135
54
256
257
258
259
154
133
175
167
141
120
188
162
146
112
196
99
180
107
128
209
201
183
125
159
149
86
78
91
222
217
193
170
94
214
204
138
115
65
104
230
73
172
136
191
256
257
258
259
155
134
176
168
142
121
189
163
147
113
197
100
181
108
129
210
202
184
126
160
150
87
79
92
223
218
194
171
95
215
205
139
116
66
105
231
74
173
137
192
256
257
258
259
156
135
177
169
143
122
190
164
148
114
198
101
182
109
130
203
211
185
127
161
151
88
80
93
224
219
195
172
96
216
206
140
117
67
106
232
75
174
138
193
256
257
258
259
157
136
178
170
144
123
191
165
149
115
199
102
183
110
131
204
212
186
128
162
152
89
81
94
225
220
196
173
97
217
207
141
118
68
107
76
233
175
139
194
256
257
258
259
158
137
179
171
145
124
192
166
150
116
200
103
184
111
132
205
213
187
129
163
153
90
82
95
226
221
197
174
98
218
208
142
119
69
108
77
234
176
140
195
256
257
258
259
159
138
180
172
146
125
193
167
151
117
201
104
185
133
112
206
214
188
130
164
154
91
83
96
227
222
198
175
99
209
219
143
120
70
109
78
177
235
141
196
256
257
258
259
160
139
181
173
147
126
194
168
152
118
202
105
186
134
113
207
215
189
131
165
155
92
84
97
228
223
199
176
100
210
144
220
121
71
110
79
178
236
142
197
256
257
258
259
161
140
182
174
148
127
195
169
153
119
106
203
187
135
114
208
216
190
132
166
156
93
85
98
229
200
177
224
101
211
145
221
122
72
111
80
179
237
143
198
256
257
258
259
162
141
183
175
149
128
196
170
154
120
107
204
188
136
115
209
217
191
133
167
157
94
86
99
230
178
201
225
212
146
102
222
123
73
112
81
180
144
238
199
256
257
258
259
163
142
184
176
150
129
197
171
155
121
108
205
189
137
116
210
218
192
134
168
158
95
87
100
179
202
231
226
147
213
103
223
124
74
113
82
181
145
239
200
256
257
258
259
164
143
185
177
151
130
198
172
156
122
109
206
190
138
117
211
193
219
135
169
159
96
88
101
180
203
232
227
148
214
104
224
125
75
114
182
83
146
240
201
256
257
258
259
165
144
186
178
152
131
199
173
157
123
110
207
191
139
118
212
194
220
136
170
160
97
89
102
181
204
233
228
149
215
105
225
126
76
115
183
84
147
241
202
256
257
258
259
166
145
187
179
153
132
200
174
158
124
111
208
192
140
119
213
195
221
137
171
161
98
90
103
182
205
229
234
150
216
106
226
127
77
116
184
85
148
203
242
256
257
258
259
167
146
188
180
154
133
201
175
159
125
112
209
193
141
120
214
196
222
138
172
162
99
91
104
183
206
151
230
217
235
107
227
128
78
117
185
86
149
204
243
256
257
258
259
168
147
189
181
155
134
202
176
160
126
113
210
194
142
121
215
197
223
139
173
163
100
92
105
184
207
152
218
231
108
236
228
129
79
118
186
87
150
205
244
256
257
258
259
169
148
190
182
156
135
203
177
161
127
114
211
195
143
122
198
216
224
140
174
164
101
93
106
185
208
153
219
232
109
237
130
229
80
119
187
88
151
206
72
256
257
258
259
170
149
191
183
157
136
204
178
162
128
115
212
196
144
123
199
217
141
225
175
165
102
94
107
186
209
154
220
110
233
131
81
230
238
120
188
89
152
207
73
256
257
258
259
171
150
192
184
158
137
205
179
163
129
116
213
197
145
124
200
218
142
176
226
166
103
95
108
187
210
155
221
111
234
132
82
231
239
121
189
90
153
208
74
256
257
258
259
172
151
193
185
159
138
206
180
164
130
117
198
214
146
125
201
219
143
177
167
227
104
96
109
188
211
156
222
112
133
235
83
232
190
122
240
91
154
209
75
256
257
258
259
173
152
194
186
160
139
207
181
165
131
118
199
215
147
126
202
220
144
178
168
228
105
97
110
189
212
157
223
113
134
236
84
233
191
123
241
92
155
210
76
256
257
258
259
174
153
195
187
161
140
208
182
166
132
119
200
216
148
127
203
221
145
179
169
229
106
98
111
190
213
158
224
114
135
85
237
192
234
124
242
93
156
211
77
256
257
258
259
175
154
196
188
162
141
209
183
167
133
120
201
217
149
128
204
222
146
180
170
230
107
99
112
191
214
159
225
115
136
86
193
238
235
125
94
243
157
212
78
256
257
258
259
176
155
197
189
163
142
210
184
168
134
121
202
218
150
129
205
223
181
147
171
231
108
100
113
192
215
160
226
116
137
87
194
126
239
236
95
158
244
213
79
256
257
258
259
177
156
198
190
164
143
211
185
169
135
203
122
219
151
130
206
224
182
148
172
232
109
101
193
114
216
161
227
117
138
195
88
127
237
240
96
159
214
245
229
256
257
258
259
178
157
199
191
165
144
212
186
170
136
204
123
220
152
131
207
183
225
149
173
233
110
102
194
115
217
162
228
118
139
196
89
128
238
241
97
160
215
246
181
256
257
258
259
179
158
200
192
166
145
187
213
171
137
205
124
221
153
132
208
184
150
226
174
111
234
195
103
116
218
163
229
119
140
197
90
129
239
242
98
161
216
247
182
256
257
258
259
180
159
201
193
167
146
188
214
172
138
206
125
222
154
133
209
185
151
227
175
112
235
196
104
117
219
164
230
120
141
198
91
130
240
99
162
243
217
248
183
256
257
258
259
181
160
202
194
168
147
189
215
173
139
207
126
155
223
134
210
186
152
176
228
113
236
197
105
118
220
165
231
121
199
142
92
131
241
163
100
218
244
184
249
256
257
258
259
182
161
195
203
169
148
190
174
216
140
208
127
156
224
135
211
187
153
177
229
114
237
198
106
221
119
166
232
200
122
143
93
132
164
101
242
219
245
185
234
256
257
258
259
183
162
196
204
170
149
191
175
217
141
209
128
157
225
136
212
188
154
178
230
115
238
199
107
222
120
167
233
201
123
144
94
133
165
102
220
243
246
186
235
256
257
258
259
184
163
197
205
171
150
192
176
218
142
210
129
158
226
137
213
189
179
155
231
116
239
200
223
108
121
168
202
234
145
124
95
134
166
221
103
244
247
187
236
256
257
258
259
185
164
198
206
172
151
193
177
219
143
211
130
159
227
138
214
190
180
156
232
117
240
201
224
109
122
169
203
235
146
125
96
135
167
222
104
245
248
188
237
256
257
258
259
186
165
199
207
173
152
194
178
220
144
212
131
160
228
139
215
191
181
157
233
118
202
241
225
110
123
170
204
236
147
126
97
136
168
223
105
246
189
249
183
256
257
258
259
187
166
200
208
174
153
195
179
221
145
213
132
161
229
216
140
192
182
158
234
119
203
242
226
111
124
171
205
237
148
127
137
98
169
224
106
247
190
184
239
256
257
258
259
188
167
201
175
209
154
196
180
222
146
214
133
162
217
230
141
193
183
159
235
120
204
227
243
112
125
172
206
149
238
128
138
99
170
225
107
248
191
185
240
256
257
258
259
189
168
202
176
210
155
197
181
223
215
147
134
163
218
142
231
194
184
160
236
121
205
228
113
126
244
173
207
150
239
129
139
100
171
226
108
192
249
186
241
256
257
258
259
190
169
203
177
211
156
198
182
224
216
148
135
164
219
143
232
195
185
161
237
122
206
229
114
127
174
245
208
151
130
240
140
101
172
227
109
193
187
242
250
256
257
258
259
191
170
204
178
212
157
199
183
225
217
149
165
136
220
144
196
233
186
162
238
123
207
230
128
115
175
209
246
152
131
241
141
102
173
228
110
194
188
243
222
256
257
258
259
192
205
171
179
213
158
200
184
226
218
150
166
137
221
145
197
234
187
163
239
124
208
231
176
129
116
210
247
153
132
242
142
174
229
103
111
195
189
244
223
256
257
258
259
193
206
172
180
214
159
201
185
227
219
151
167
138
222
198
146
188
235
164
240
125
209
232
177
130
117
211
154
248
133
243
143
230
175
104
112
196
190
224
245
256
257
258
259
194
207
173
181
215
160
202
186
228
220
152
168
139
223
199
147
189
236
165
241
126
210
233
178
131
118
212
155
134
249
244
231
144
176
105
113
197
191
225
246
256
257
258
259
195
208
174
182
216
203
161
187
229
221
153
169
140
224
200
148
190
166
237
211
127
242
234
179
213
132
119
156
135
232
177
245
145
250
106
114
198
192
226
247
256
257
258
259
196
209
175
183
217
204
162
188
230
222
154
170
141
225
201
149
191
167
238
212
128
243
235
180
214
133
120
157
136
233
178
146
246
107
251
115
199
193
227
248
256
257
258
259
197
210
176
184
218
205
163
189
231
223
155
171
142
226
202
192
150
168
239
213
129
244
236
181
215
134
121
158
137
234
179
147
247
108
200
116
252
194
228
249
256
257
258
259
198
211
177
185
219
206
164
190
232
224
156
172
143
203
227
193
151
169
240
214
130
245
237
182
216
135
122
159
138
235
180
148
248
109
201
117
195
229
253
222
256
257
258
259
199
212
186
178
220
207
165
191
233
225
157
173
204
144
228
194
152
170
241
215
131
246
238
183
217
136
123
160
236
139
181
149
110
249
202
118
196
230
223
162
256
257
258
259
200
213
187
179
221
208
192
166
234
226
158
174
205
229
145
195
153
171
242
216
132
239
184
218
247
137
124
161
237
182
140
150
111
203
250
197
119
231
224
163
256
257
258
259
201
214
188
180
222
209
193
167
235
227
159
175
206
230
146
196
154
172
243
217
133
185
219
240
248
138
125
162
238
183
141
151
112
204
198
251
120
232
225
164
256
257
258
259
202
215
189
181
223
210
194
168
236
228
160
176
207
231
197
147
155
173
244
218
134
186
220
241
139
249
126
163
239
184
142
152
205
113
199
233
121
252
226
165
256
257
258
259
203
216
190
182
224
211
195
169
237
229
161
177
208
232
198
148
156
174
219
245
135
221
187
242
140
127
250
164
240
185
143
153
206
114
200
234
122
227
253
166
256
257
258
259
204
217
191
183
225
212
196
170
238
230
162
178
209
199
233
149
157
175
220
246
136
222
188
243
141
128
165
241
186
251
144
154
207
201
115
235
123
228
167
254
256
257
258
259
205
218
192
184
226
213
197
171
239
231
163
179
210
200
234
150
158
176
221
247
137
223
189
244
142
129
166
187
242
145
252
155
208
202
236
116
124
229
168
250
256
257
258
259
206
219
193
185
227
214
198
172
232
240
180
211
164
201
235
151
159
177
222
248
224
138
190
245
143
130
167
188
243
146
156
209
203
253
237
117
230
125
169
251
256
257
258
259
207
220
194
186
228
215
199
173
233
241
212
181
165
202
236
152
178
160
223
225
191
249
139
246
144
168
131
189
244
147
210
157
204
238
118
231
254
126
170
252
256
257
258
259
208
221
195
187
229
216
200
174
234
242
213
182
166
203
237
153
179
161
224
226
192
140
250
247
145
169
190
132
245
211
148
158
205
239
232
119
127
171
255
218
256
257
258
259
209
222
196
188
230
217
201
175
235
214
183
243
167
204
238
154
180
162
225
227
193
141
251
248
146
170
191
246
133
212
149
159
206
240
233
120
128
172
219
253
256
257
258
259
210
223
197
189
231
218
202
176
236
215
184
205
168
244
239
181
155
163
226
228
194
142
249
252
147
192
171
247
134
213
150
160
207
241
234
121
129
173
220
254
256
257
258
259
211
224
198
190
232
219
203
177
237
216
185
206
169
245
240
182
156
164
227
229
195
143
250
193
148
172
248
253
135
214
208
151
161
242
235
122
130
174
221
255
256
257
258
259
212
225
199
191
233
220
204
178
217
238
186
207
170
246
241
183
157
165
228
230
196
144
194
251
173
149
249
215
136
209
243
152
162
254
236
123
131
175
222
244
256
257
258
259
213
226
200
192
221
234
205
179
218
239
187
208
171
242
247
184
158
166
229
231
197
145
195
174
150
216
252
250
137
210
244
163
153
237
255
124
176
132
223
245
256
257
258
259
214
227
201
193
222
235
206
180
219
240
209
188
172
243
185
248
159
230
167
232
198
146
196
175
217
151
251
211
245
253
138
164
238
154
125
177
224
133
246
237
256
257
258
259
215
228
202
194
223
236
207
181
220
241
210
189
173
244
186
231
160
168
249
233
199
147
197
218
176
152
212
246
252
139
239
165
155
254
126
225
178
134
247
238
256
257
258
259
216
229
203
195
224
208
237
182
221
211
242
190
174
245
187
232
161
169
250
234
200
148
198
219
177
153
213
247
240
140
253
166
156
255
226
179
127
135
248
239
256
257
258
259
217
230
204
196
225
209
238
183
222
212
243
191
175
188
246
233
170
162
235
251
201
149
199
220
178
214
248
154
241
141
167
157
254
227
180
128
136
249
240
253
256
257
258
259
218
231
205
197
226
210
239
184
223
213
192
244
176
189
234
247
171
163
236
252
202
200
150
221
179
215
249
242
155
142
168
158
255
228
181
129
250
137
254
241
256
257
258
259
219
232
206
198
227
211
240
185
224
214
193
245
177
235
190
248
172
164
237
203
253
201
222
151
216
180
243
250
156
169
143
159
229
182
251
130
255
242
138
230
256
257
258
259
220
207
233
199
228
212
241
186
225
215
194
246
178
236
191
249
173
165
238
204
254
223
202
152
217
181
244
251
157
170
144
160
230
183
252
243
131
231
139
210
256
257
258
259
221
208
234
200
229
213
242
187
226
216
195
247
179
237
192
250
239
174
166
205
224
203
218
153
245
182
252
255
158
171
145
161
231
253
184
244
232
132
140
211
256
257
258
259
222
209
235
201
230
214
243
188
227
217
196
248
238
180
193
240
175
251
167
206
225
204
219
246
183
154
253
159
172
232
162
146
254
185
245
233
133
212
141
255
256
257
258
259
223
210
236
231
202
215
244
189
228
218
197
239
249
181
194
241
176
168
252
207
226
205
220
247
184
155
254
160
233
173
163
147
255
246
186
234
213
134
142
199
256
257
258
259
224
211
237
232
203
216
245
190
229
219
198
240
250
182
195
242
177
169
208
253
227
206
221
248
185
156
255
234
161
174
164
148
247
187
235
214
135
143
200
193
256
257
258
259
225
212
238
233
204
217
246
191
230
220
199
241
183
196
251
243
178
209
170
228
254
207
222
249
186
157
235
162
175
248
165
149
236
188
215
253
255
201
136
194
256
257
258
259
226
213
239
234
205
218
247
231
192
221
200
242
197
184
244
252
210
179
171
229
208
223
250
255
187
236
158
163
249
176
166
237
150
189
216
254
202
253
195
245
256
257
258
259
227
214
240
235
206
219
248
232
193
222
201
243
198
185
245
253
211
180
172
230
209
224
251
188
237
159
250
164
177
238
167
255
151
190
217
254
203
246
196
138
256
257
258
259
228
215
241
236
220
207
233
249
194
223
202
244
199
246
186
212
181
254
173
231
225
210
252
238
189
251
160
165
239
178
255
168
191
152
218
247
204
197
147
139
256
257
258
259
229
216
242
237
221
208
234
224
195
250
203
245
247
200
187
213
182
232
174
226
211
255
253
239
190
252
161
240
179
166
169
192
219
153
248
205
198
254
218
244
256
257
258
259
230
217
238
243
222
209
235
225
196
251
204
246
248
201
188
214
233
183
175
227
212
254
240
191
253
241
162
180
167
170
193
220
249
255
154
206
199
245
219
232
256
257
258
259
231
218
239
244
223
210
236
226
197
252
247
205
249
202
189
215
234
184
228
213
176
241
255
254
192
242
163
181
168
250
221
194
171
155
207
200
246
220
253
233
256
257
258
259
232
219
240
245
224
211
237
227
198
248
206
253
250
203
190
216
235
229
185
214
177
242
255
193
243
251
164
182
222
169
195
172
208
247
156
254
201
221
252
234
256
257
258
259
233
220
241
225
246
212
238
228
199
249
207
251
254
204
217
191
236
230
186
215
243
178
244
194
252
255
165
223
183
170
196
173
248
209
253
157
202
222
235
231
256
257
258
259
234
221
242
226
247
213
239
229
200
250
208
252
205
218
237
192
255
231
216
187
244
179
245
195
253
224
184
166
254
249
197
171
174
210
203
223
236
158
232
182
256
257
258
259
235
222
243
227
248
214
240
230
201
251
209
253
206
238
219
193
232
217
245
188
246
180
254
196
255
225
250
185
167
198
172
211
175
237
224
204
159
233
249
252
256
257
258
259
236
244
223
228
249
215
241
231
202
252
210
239
254
207
220
233
194
246
218
189
247
255
181
197
251
226
186
199
168
173
212
238
225
176
205
234
253
250
160
242
256
257
258
259
237
245
224
229
250
216
242
232
203
253
211
240
221
208
234
255
247
195
219
248
190
182
252
198
227
187
200
239
254
213
169
226
174
251
177
206
235
161
243
185
256
257
258
259
238
246
225
230
243
251
217
233
204
212
254
241
222
209
235
248
196
220
249
191
253
183
199
255
228
240
201
252
188
214
227
170
236
175
207
178
244
162
245
250
256
257
258
259
239
247
226
231
244
218
252
234
205
213
242
255
223
236
210
249
250
221
197
254
192
184
229
200
253
241
202
228
215
189
237
208
171
245
176
179
251
246
163
187
256
257
258
259
240
248
232
227
245
219
235
253
243
206
214
224
237
250
211
251
222
255
198
193
254
230
185
201
242
229
238
216
203
190
246
252
209
172
177
247
180
164
249
217
256
257
258
259
241
249
233
228
246
236
220
254
244
215
207
238
251
225
252
212
223
199
255
194
231
243
186
202
230
239
253
247
217
204
191
248
210
173
178
181
250
218
165
189
256
257
258
259
242
250
234
229
247
237
221
255
245
252
239
216
208
226
253
213
224
200
232
195
244
254
203
187
240
248
231
218
249
205
211
192
251
179
174
182
219
236
190
166
256
257
258
259
243
235
251
230
248
238
222
246
253
240
254
217
227
209
214
225
255
201
233
245
196
249
241
204
232
250
188
219
252
206
212
193
180
175
183
220
237
247
191
244
256
257
258
259
244
236
252
231
249
239
223
247
254
241
255
228
218
210
215
226
246
234
202
250
242
251
197
233
253
205
189
220
207
213
194
238
221
181
184
176
248
245
192
243
256
257
258
259
245
237
250
253
232
240
224
248
255
242
229
219
211
227
216
247
235
251
254
252
203
243
234
198
206
221
190
208
214
195
239
249
246
222
182
185
177
244
230
238
256
257
258
259
246
238
251
233
254
241
249
225
243
230
220
212
228
255
217
248
252
253
236
244
204
235
199
207
222
191
209
215
250
240
247
196
223
245
239
231
186
183
227
178
256
257
258
259
247
239
252
234
242
255
250
226
244
231
221
254
253
249
229
213
218
237
245
236
205
223
200
208
251
248
210
216
241
192
246
224
197
240
232
228
187
184
179
243
256
257
258
259
248
253
240
243
235
251
245
227
255
232
254
250
222
230
238
214
246
219
237
252
206
224
249
209
201
242
247
217
211
193
225
241
233
198
229
244
188
185
216
180
256
257
258
259
249
254
241
244
252
236
246
228
255
251
233
231
223
247
239
220
215
253
238
250
207
225
243
248
210
202
218
212
242
226
234
194
230
245
199
217
235
189
240
186
256
257
258
259
250
242
245
255
253
237
247
252
229
234
248
254
232
240
224
239
221
216
251
249
244
226
208
243
211
219
203
213
227
235
246
231
195
200
241
236
218
238
190
198
256
257
258
259
251
254
246
243
238
248
253
255
230
249
235
241
233
252
225
240
222
250
217
245
227
244
209
247
236
220
212
228
214
232
204
242
237
196
201
239
219
231
199
191
256
257
258
259
252
255
247
244
249
254
239
250
231
253
236
242
234
241
251
226
246
223
218
245
248
228
237
229
210
221
233
213
243
215
238
205
240
220
197
202
232
235
225
224
256
257
258
259
253
248
255
245
250
240
251
254
243
252
237
232
242
235
247
227
246
249
224
219
229
238
244
230
234
239
222
241
211
214
216
206
221
233
236
203
226
198
225
231
256
257
258
259
254
249
251
255
246
252
253
241
244
248
238
243
250
233
247
236
228
239
245
225
230
240
235
242
220
231
223
234
237
217
215
212
222
232
227
207
226
218
229
204
256
257
258
259
255
252
253
250
254
247
249
251
242
245
248
244
239
246
237
234
240
243
241
236
229
231
232
226
238
235
221
224
233
228
227
223
230
218
216
213
219
225
208
222
256
257
258
259
