8.47676055549648616e-02 -9.96093750000000000e-01 -2.47324535664254323e-02
-7.91698753242443543e-02 -9.88281250000000000e-01 1.30507860834438244e-01
-3.83694238417922467e-02 -9.80468750000000000e-01 -1.92895872396187912e-01
1.87277759625053719e-01 -9.72656250000000000e-01 1.37356689264695436e-01
-2.61269758160289634e-01 -9.64843750000000000e-01 2.85421014783648515e-02
1.91288829026516949e-01 -9.57031250000000000e-01 -2.17944420467929084e-01
6.69291455965770419e-03 -9.49218750000000000e-01 3.14545655737183294e-01
-2.33064842332776107e-01 -9.41406250000000000e-01 -2.43793051027578950e-01
3.57546852654977321e-01 -9.33593750000000000e-01 2.37267384496355968e-02
-2.95067104808153402e-01 -9.25781250000000000e-01 2.36356681328393409e-01
6.07650151388810719e-02 -9.17968750000000000e-01 -3.91970645531791173e-01
2.29733209187879261e-01 -9.10156250000000000e-01 3.44729246195003891e-01
-4.18525877687583203e-01 -9.02343750000000000e-01 -1.03013817237182628e-01
3.92221604682572333e-01 -8.94531250000000000e-01 -2.14420277944194049e-01
-1.49316004185185480e-01 -8.86718750000000000e-01 4.37532386564248699e-01
-1.91338671720389264e-01 -8.78906250000000000e-01 -4.36936284159618160e-01
4.49148813192815022e-01 -8.71093750000000000e-01 1.98647985941018929e-01
-4.78266323037670527e-01 -8.63281250000000000e-01 1.61266263199914439e-01
2.50065838918096750e-01 -8.55468750000000000e-01 -4.53475792054687243e-01
1.24915891642871091e-01 -8.47656250000000000e-01 5.15630586613133324e-01
-4.50608304979951302e-01 -8.39843750000000000e-01 -3.02679089249707989e-01
5.48487987071893057e-01 -8.32031250000000000e-01 -8.29754605968554271e-02
-3.55638114791606008e-01 -8.24218750000000000e-01 4.40664252527828759e-01
-3.61290636042795391e-02 -8.16406250000000000e-01 -5.76346706179548973e-01
4.23800654418535427e-01 -8.08593750000000000e-01 4.08128843351408532e-01
-5.98770754648079606e-01 -8.00781250000000000e-01 -1.49322813597469357e-02
4.59371589509800948e-01 -7.92968750000000000e-01 -4.00222818283361370e-01
-6.95059939959765394e-02 -7.85156250000000000e-01 6.15384903848452125e-01
-3.70189186652342850e-01 -7.77343750000000000e-01 -5.08622316086911774e-01
6.25878473717124129e-01 -7.69531250000000000e-01 1.26877072045979644e-01
-5.55175322489157907e-01 -7.61718750000000000e-01 3.34013333861834072e-01
1.86319674358859239e-01 -7.53906250000000000e-01 -6.30008210389155221e-01
2.92063961502824987e-01 -7.46093750000000000e-01 5.98366742560291209e-01
-6.27600368499037775e-01 -7.38281250000000000e-01 -2.47100330550789615e-01
6.37578448645420237e-01 -7.30468750000000000e-01 -2.44763410452495389e-01
-3.08482250066186070e-01 -7.22656250000000000e-01 6.18552055796471101e-01
-1.92585024510202402e-01 -7.14843750000000000e-01 -6.72242085427818381e-01
6.02831870456432273e-01 -7.07031250000000000e-01 3.69730371332186836e-01
-7.01843035957996686e-01 -6.99218750000000000e-01 1.36049595830710413e-01
4.30116893132381162e-01 -6.91406250000000000e-01 -5.80479849523724001e-01
7.57210606790957724e-02 -6.83593750000000000e-01 7.25924173678332729e-01
-5.51606743070333416e-01 -6.75781250000000000e-01 -4.88927093898238185e-01
7.44089289361347994e-01 -6.67968750000000000e-01 -1.22015769948663790e-02
-5.45465285944817468e-01 -6.60156250000000000e-01 5.16392629125432046e-01
5.38739073530168852e-02 -6.52343750000000000e-01 -7.56006107080132050e-01
4.75084887263354461e-01 -6.44531250000000000e-01 5.99060779610385952e-01
-7.61408822334119217e-01 -6.36718750000000000e-01 -1.21843500730269699e-01
6.49073751972958912e-01 -6.28906250000000000e-01 -4.27995552793114076e-01
-1.91024542230444877e-01 -6.21093750000000000e-01 7.60100110496365056e-01
-3.75498078142555702e-01 -6.13281250000000000e-01 -6.94900929420650959e-01
7.51952566199999173e-01 -6.05468750000000000e-01 2.60720024084597934e-01
-7.35981004759433066e-01 -5.97656250000000000e-01 3.18023532885905902e-01
3.30225185412725497e-01 -5.89843750000000000e-01 -7.36909544995224319e-01
2.56056278683895966e-01 -5.82031250000000000e-01 7.71799718949153557e-01
-7.14985388120528365e-01 -5.74218750000000000e-01 -3.98834203551519551e-01
8.01894545726730357e-01 -5.66406250000000000e-01 -1.90129160032485062e-01
-4.65846911495588156e-01 -5.58593750000000000e-01 6.86265019880045402e-01
-1.20818256040812130e-01 -5.50781250000000000e-01 -8.25858924790241700e-01
-3.83812496650325463e-01 -5.42968750000000000e-01 7.46908899356863554e-01
-2.22837321954667489e-01 -5.35156250000000000e-01 -8.14832078424757023e-01
7.18869333252213361e-01 -5.27343750000000000e-01 4.52918812863250198e-01
-8.40736521224355049e-01 -5.19531250000000000e-01 1.52477480806206073e-01
5.19780300307547738e-01 -5.11718750000000000e-01 -6.84085053418529987e-01
7.92455128908605283e-02 -5.03906250000000000e-01 8.60115480559210721e-01
-6.42771999663841020e-01 -4.96093750000000000e-01 -5.83725233015572664e-01
8.72678118107554801e-01 -4.88281250000000000e-01 -3.78458382047985572e-03
-6.44106039954174037e-01 -4.80468750000000000e-01 5.95211886279154778e-01
7.32358476635857486e-02 -4.72656250000000000e-01 -8.78198485510498617e-01
5.41749458094874625e-01 -4.64843750000000000e-01 7.00305513857949924e-01
-8.76517670663585213e-01 -4.57031250000000000e-01 -1.51126468687388188e-01
7.51742729633934070e-01 -4.49218750000000000e-01 -4.82789170436702664e-01
-2.29184723316219863e-01 -4.41406250000000000e-01 8.67545321616920107e-01
-4.18791323011553751e-01 -4.33593750000000000e-01 -7.97878617166276727e-01
8.51260533408468412e-01 -4.25781250000000000e-01 3.06701534736243508e-01
-8.38221136829556457e-01 -4.17968750000000000e-01 3.50267683059119095e-01
3.82968076582610784e-01 -4.10156250000000000e-01 -8.27712089379243565e-01
2.77776638006229593e-01 -4.02343750000000000e-01 8.72330009923935612e-01
-7.97018054738713011e-01 -3.94531250000000000e-01 -4.57282531039570173e-01
8.99820960547288218e-01 -3.86718750000000000e-01 -2.01917922330319494e-01
-5.28956771511811863e-01 -3.78906250000000000e-01 7.59364726322429684e-01
-1.23326967346878674e-01 -3.71093750000000000e-01 -9.20369430085527962e-01
7.15004948566867693e-01 -3.63281250000000000e-01 5.97322908420000465e-01
-9.33713730494502014e-01 -3.55468750000000000e-01 4.26689261580104201e-02
6.61739637995976904e-01 -3.47656250000000000e-01 -6.64255811672650021e-01
-3.93675709896651529e-02 -3.39843750000000000e-01 9.39657607823355612e-01
-6.07495753690167839e-01 -3.32031250000000000e-01 -7.21598335829464310e-01
9.38072192944543359e-01 -3.24218750000000000e-01 1.22076873209682343e-01
-7.76328839329108344e-01 -3.16406250000000000e-01 5.45161093794171103e-01
2.04742917683330916e-01 -3.08593750000000000e-01 -9.28897322161849170e-01
4.77742029271107371e-01 -3.00781250000000000e-01 8.25404866181658758e-01
-9.12142216214610224e-01 -2.92968750000000000e-01 -2.86645929541196887e-01
8.68349019296008273e-01 -2.85156250000000000e-01 -4.05778133680953779e-01
-3.67069151089546519e-01 -2.77343750000000000e-01 8.87885512132243981e-01
-3.29853398232749118e-01 -2.69531250000000000e-01 -9.04737332571031283e-01
8.56274648365254909e-01 -2.61718750000000000e-01 4.45305538327783079e-01
-9.34203316091861469e-01 -2.53906250000000000e-01 2.50590862590612584e-01
5.20664363051005274e-01 -2.46093750000000000e-01 -8.17524609574310279e-01
1.68646885070482200e-01 -2.38281250000000000e-01 9.56441463997907748e-01
-7.71916043344313185e-01 -2.30468750000000000e-01 -5.92477659748532504e-01
9.71210193235327202e-01 -2.22656250000000000e-01 -8.47051054644040458e-02
-6.60106457983253958e-01 -2.14843750000000000e-01 7.19792766853585508e-01
5.29843489035365482e-04 -2.07031250000000000e-01 -9.78334186660833494e-01
6.61558687117239974e-01 -1.99218750000000000e-01 7.22946742954244881e-01
-9.77706119454222033e-01 -1.91406250000000000e-01 -8.63388177050390671e-02
7.80435089485024713e-01 -1.83593750000000000e-01 -5.97674163789467361e-01
-1.71994776413480627e-01 -1.75781250000000000e-01 9.69287753474124103e-01
-5.28651848603419960e-01 -1.67968750000000000e-01 -8.32053917719052683e-01
9.53110390003240382e-01 -1.60156250000000000e-01 2.56769468694797165e-01
-8.77336322313834294e-01 -1.52343750000000000e-01 4.55052040303934313e-01
3.39940130090176429e-01 -1.44531250000000000e-01 -9.29274677222892587e-01
3.77477598345781817e-01 -1.36718750000000000e-01 9.15870430871931873e-01
-8.97949774678862500e-01 -1.28906250000000000e-01 -4.20796127435979994e-01
9.47303251695727266e-01 -1.21093750000000000e-01 -2.96568462648406139e-01
-4.98645490588409679e-01 -1.13281250000000000e-01 8.59371882897201678e-01
-2.12995830281154208e-01 -1.05468750000000000e-01 -9.71343975662730563e-01
8.13842152127070007e-01 -9.76562500000000000e-02 5.72821270779216518e-01
-9.87766702045999700e-01 -8.98437500000000000e-02 1.27456043070176522e-01
6.42687666967960758e-01 -8.20312500000000000e-02 -7.61723989874755758e-01
4.06642427403391543e-02 -7.42187500000000000e-02 9.96412563404733609e-01
-7.03439792397584807e-01 -6.64062500000000000e-02 -7.07645863714739920e-01
9.97191230194520162e-01 -5.85937500000000000e-02 4.66521476898655724e-02
-7.67139526769094693e-01 -5.07812500000000000e-02 6.39467130599319367e-01
1.33760055973321634e-01 -4.29687500000000000e-02 -9.90081781445073972e-01
5.70334425760863795e-01 -3.51562500000000000e-02 8.20659905733162498e-01
-9.75132933673985347e-01 -2.73437500000000000e-02 -2.19927444854670834e-01
8.67750496778321279e-01 -1.95312500000000000e-02 -4.96616155208843724e-01
-3.04429986681084064e-01 -1.17187500000000000e-02 9.52462626095004539e-01
-4.18927632325631738e-01 -3.90625000000000000e-03 -9.08011222444402244e-01
9.22256966085692298e-01 3.90625000000000000e-03 3.86557666742430139e-01
-9.41102089990308865e-01 1.17187500000000000e-02 3.37919409200344911e-01
4.65621254344766533e-01 1.95312500000000000e-02 -8.84768544748197883e-01
2.54271353675509515e-01 2.73437500000000000e-02 9.66746294555071661e-01
-8.40314138175390246e-01 3.51562500000000000e-02 -5.40958581841982200e-01
9.84732738485472270e-01 4.29687500000000000e-02 -1.68686455527229856e-01
-6.11940573615021188e-01 5.07812500000000000e-02 7.89271815670720911e-01
-8.18844190018275242e-02 5.85937500000000000e-02 -9.94917943543923933e-01
7.32077481612001257e-01 6.64062500000000000e-02 6.77976969282561570e-01
-9.97227338280541997e-01 7.42187500000000000e-02 -5.40489910571611241e-03
7.38521688227354089e-01 8.20312500000000000e-02 -6.69220882849045795e-01
-9.24481452209611754e-02 8.98437500000000000e-02 9.91655908584798129e-01
-6.01241118434246324e-01 9.76562500000000000e-02 -7.93077785806584057e-01
9.78268205274101410e-01 1.05468750000000000e-01 1.78515157124615770e-01
-8.41201955350833641e-01 1.13281250000000000e-01 5.28721693060131059e-01
2.62885622657903828e-01 1.21093750000000000e-01 -9.57197708475476694e-01
4.52285159776888490e-01 1.28906250000000000e-01 8.82508534211727591e-01
-9.28645554459134659e-01 1.36718750000000000e-01 -3.44855647455168890e-01
9.16672976655577898e-01 1.44531250000000000e-01 -3.72587401347441838e-01
-4.23744170971592671e-01 1.52343750000000000e-01 8.92878636435845641e-01
-2.90311602934323121e-01 1.60156250000000000e-01 -9.43434761277981204e-01
8.50227096580094210e-01 1.67968750000000000e-01 4.98899171440904121e-01
-9.62599705789531579e-01 1.75781250000000000e-01 2.06161971668745891e-01
5.69703602305087764e-01 1.83593750000000000e-01 -8.01081232136631738e-01
1.20857261004790523e-01 1.91406250000000000e-01 9.74041667447218318e-01
-7.45887843857690136e-01 1.99218750000000000e-01 -6.35581005092005102e-01
9.77703613032518626e-01 2.07031250000000000e-01 -3.51241595856239125e-02
-6.96000746653638314e-01 2.14843750000000000e-01 6.85146060153246084e-01
5.03093943707955404e-02 2.22656250000000000e-01 -9.73598048053703424e-01
6.19402675170130479e-01 2.30468750000000000e-01 7.50482832092462471e-01
-9.61806800724785083e-01 2.38281250000000000e-01 -1.34720911435422974e-01
7.98602248564963757e-01 2.46093750000000000e-01 -5.49247043504033305e-01
-2.17400000189457460e-01 2.53906250000000000e-01 9.42480162193646054e-01
-4.75305578348724556e-01 2.61718750000000000e-01 -8.39992799426889092e-01
9.15835390403546779e-01 2.69531250000000000e-01 2.97654905818500792e-01
-8.74350392833863177e-01 2.77343750000000000e-01 3.98235903563712690e-01
3.74818877563213471e-01 2.85156250000000000e-01 -8.82154590821920603e-01
3.18720713358593255e-01 2.92968750000000000e-01 9.01435753894656022e-01
-8.41781993004863560e-01 3.00781250000000000e-01 -4.48256306036175334e-01
9.21076534746614550e-01 3.08593750000000000e-01 -2.37461396020713228e-01
-5.17368573482507976e-01 3.16406250000000000e-01 7.95120647533198111e-01
-1.55171480326833588e-01 3.24218750000000000e-01 -9.33168802436952771e-01
7.42628573204817899e-01 3.32031250000000000e-01 5.81599562657344138e-01
-9.37677890201242814e-01 3.39843750000000000e-01 7.25699649557822457e-02
6.40440773091116688e-01 3.47656250000000000e-01 -6.84814389450448369e-01
-9.62540765601722567e-03 3.55468750000000000e-01 9.34638603579422522e-01
-6.22232473708111522e-01 3.63281250000000000e-01 -6.93435997090951384e-01
9.24154778749150307e-01 3.71093750000000000e-01 9.07048710160955618e-02
-7.40185511850765532e-01 3.78906250000000000e-01 5.55477687902185546e-01
1.69973285848307981e-01 3.86718750000000000e-01 -9.06398196432653291e-01
4.85179722184708229e-01 3.94531250000000000e-01 7.80349748480901884e-01
-8.81606860693636363e-01 4.02343750000000000e-01 -2.46756661538951927e-01
8.13652403582685424e-01 4.10156250000000000e-01 -4.11997107671954799e-01
-3.20408487521715912e-01 4.17968750000000000e-01 8.50082657832450961e-01
-3.36610953014440939e-01 4.25781250000000000e-01 -8.39882964143902178e-01
8.12188416358619270e-01 4.33593750000000000e-01 3.90315816094884527e-01
-8.58898621975161980e-01 4.41406250000000000e-01 2.59718462243455517e-01
4.55905040447501742e-01 4.49218750000000000e-01 -7.68344394619365545e-01
1.82026293416331031e-01 4.57031250000000000e-01 8.70625559599848331e-01
-7.19024228042474123e-01 4.64843750000000000e-01 -5.16647314493999588e-01
8.75059595406118773e-01 4.72656250000000000e-01 -1.04243819114695255e-01
-5.72063564460335461e-01 4.80468750000000000e-01 6.64750373065237987e-01
-2.70763508177340809e-02 4.88281250000000000e-01 -8.72266181922028094e-01
6.06089089626741129e-01 4.96093750000000000e-01 6.21729046005062957e-01
-8.62379757238293077e-01 5.03906250000000000e-01 -4.87816104342638779e-02
6.65277404974434772e-01 5.11718750000000000e-01 -5.43645008556980502e-01
-1.22653034863737367e-01 5.19531250000000000e-01 8.45602455833799116e-01
-4.78055334272815380e-01 5.27343750000000000e-01 -7.02404204649462738e-01
8.22202191314173603e-01 5.35156250000000000e-01 1.93884874820364900e-01
-7.32869887522583419e-01 5.42968750000000000e-01 4.09983736855589698e-01
2.61854365602523897e-01 5.50781250000000000e-01 -7.92510129817491471e-01
3.40113990819321643e-01 5.58593750000000000e-01 7.56502145211692012e-01
-7.56917579042009958e-01 5.66406250000000000e-01 -3.25975058092057512e-01
7.73197676056899041e-01 5.74218750000000000e-01 -2.69143420667584010e-01
-3.85702527567696796e-01 5.82031250000000000e-01 7.15872323987544190e-01
-1.97776215679247858e-01 5.89843750000000000e-01 -7.82923316230608290e-01
6.69874446566047888e-01 5.97656250000000000e-01 4.40539706126211350e-01
-7.85716536813352961e-01 6.05468750000000000e-01 1.26716678268760347e-01
4.90041789741963607e-01 6.13281250000000000e-01 -6.19471672237666193e-01
5.66624717635429639e-02 6.21093750000000000e-01 7.81685306248354084e-01
-5.65254292801187330e-01 6.28906250000000000e-01 -5.33820675115498910e-01
7.71007324909016134e-01 6.36718750000000000e-01 1.17020654194146135e-02
-5.71548886078611540e-01 6.44531250000000000e-01 5.07849720484057965e-01
7.77124713503049153e-02 6.52343750000000000e-01 -7.53928646247485124e-01
4.47916734661567173e-01 6.60156250000000000e-01 6.02962954414329455e-01
-7.30761707235607072e-01 6.67968750000000000e-01 -1.40730509348678118e-01
6.27866225492263341e-01 6.75781250000000000e-01 -3.86139489089805110e-01
-2.00150244591501825e-01 6.83593750000000000e-01 7.01882799725780049e-01
-3.23221354781322356e-01 6.91406250000000000e-01 -6.46131065089942891e-01
6.67729024214185896e-01 6.99218750000000000e-01 2.55403778105196877e-01
-6.57700450145292659e-01 7.07031250000000000e-01 2.59878682084769552e-01
3.05966565754537123e-01 7.14843750000000000e-01 -6.28794778704715451e-01
1.96834575923385768e-01 7.22656250000000000e-01 6.62588932941834186e-01
-5.85627848618046398e-01 7.30468750000000000e-01 -3.51362246401681622e-01
6.60882975332982014e-01 7.38281250000000000e-01 -1.34812791727872361e-01
-3.91166897344465359e-01 7.46093750000000000e-01 5.38825180028589590e-01
-7.45318783126809881e-02 7.53906250000000000e-01 -6.52740657019402426e-01
4.89028439650567470e-01 7.61718750000000000e-01 4.25012624649396487e-01
-6.38390769508004441e-01 7.69531250000000000e-01 1.66997209681922498e-02
4.52590378088954859e-01 7.77343750000000000e-01 -4.36919493725370922e-01
-3.79913213369486094e-02 7.85156250000000000e-01 6.18131315004352588e-01
-3.83215978954449921e-01 7.92968750000000000e-01 -4.73651849988385554e-01
5.92327436683464770e-01 8.00781250000000000e-01 8.88684274668654073e-02
-4.88010265436834179e-01 8.08593750000000000e-01 3.28667199898633133e-01
1.35281115195980323e-01 8.16406250000000000e-01 -5.61408812570901361e-01
2.74050683068905065e-01 8.24218750000000000e-01 4.95539781710716054e-01
-5.25866547449683974e-01 8.32031250000000000e-01 -1.76602302637272390e-01
4.96173056437690996e-01 8.39843750000000000e-01 -2.20169874531502247e-01
-2.12226806332451390e-01 8.47656250000000000e-01 4.86249590755473693e-01
-1.67853735891934086e-01 8.55468750000000000e-01 -4.89896255466969577e-01
4.43160681472659745e-01 8.63281250000000000e-01 2.41565920185619981e-01
-4.76740223543008379e-01 8.71093750000000000e-01 1.17959475952972459e-01
2.64035708202601582e-01 8.78906250000000000e-01 -3.97251744495714154e-01
7.13805749199028644e-02 8.86718750000000000e-01 4.56765445193199393e-01
-3.49218461302052807e-01 8.94531250000000000e-01 -2.79034601903176360e-01
4.30036083260102675e-01 9.02343750000000000e-01 -2.90641347754851155e-02
-2.85901447290396349e-01 9.10156250000000000e-01 2.99793200428552509e-01
7.95424299629008541e-03 9.17968750000000000e-01 -3.96572949205809433e-01
2.49733971726152304e-01 9.25781250000000000e-01 2.83834494933788595e-01
-3.56261189697450409e-01 9.33593750000000000e-01 -3.84795358118407912e-02
2.71722872861092590e-01 9.41406250000000000e-01 -1.99802284333918473e-01
-6.10022561019063006e-02 9.49218750000000000e-01 3.08646220451368802e-01
-1.50705086255611548e-01 9.57031250000000000e-01 -2.47748185664650594e-01
2.52393961639076292e-01 9.64843750000000000e-01 7.33063859023890957e-02
-2.08214613118050090e-01 9.72656250000000000e-01 1.02890690638357665e-01
7.11582214254463802e-02 9.80468750000000000e-01 -1.83350859820739981e-01
5.54011076415615242e-02 9.88281250000000000e-01 1.42235326731883355e-01
-7.92115265428442461e-02 9.96093750000000000e-01 -3.90227532817685602e-02
