
Samples for s = 0.1:
( 0 , 0.0 )
( 1 , -0.0358862274483 )
( 2 , -0.188407528317 )
( 3 , -0.251576512812 )
( 4 , -0.477783006191 )
( 5 , -0.268172229696 )
( 6 , -0.256407959544 )
( 7 , -0.304798750372 )
( 8 , -0.378960795596 )
( 9 , -0.264007817249 )
( 10 , -0.140420082728 )
( 11 , -0.166070238144 )
( 12 , -0.152098156817 )
( 13 , -0.274665088665 )
( 14 , -0.408110390919 )
( 15 , -0.219986629183 )
( 16 , -0.0879671048072 )
( 17 , -0.0756512549777 )
( 18 , -0.124439632256 )
( 19 , -0.155938094032 )
( 20 , -0.230560454958 )
( 21 , -0.300509500996 )
( 22 , -0.300509500996 )
( 23 , -0.249083773597 )
( 24 , -0.406316180491 )
( 25 , -0.624702331436 )
( 26 , -0.590638145855 )
( 27 , -0.664833225889 )
( 28 , -0.615798348266 )
( 29 , -0.647308548921 )
( 30 , -0.638604527278 )
( 31 , -0.513046921277 )
( 32 , -0.529518229304 )
( 33 , -0.459862481472 )
( 34 , -0.438296090068 )
( 35 , -0.441618907086 )
( 36 , -0.376668378174 )
( 37 , -0.346708471925 )
( 38 , -0.445178341192 )
( 39 , -0.522748374427 )
( 40 , -0.497478791892 )
( 41 , -0.712131261626 )
( 42 , -0.708507581001 )
( 43 , -0.454628374371 )
( 44 , -0.37125304514 )
( 45 , -0.338048860733 )
( 46 , -0.330431959397 )
( 47 , -0.330431959397 )
( 48 , -0.310040413027 )
( 49 , -0.340953415344 )
( 50 , -0.619911163765 )
( 51 , -0.47936370055 )
( 52 , -0.533004424707 )
( 53 , -0.631834954445 )
( 54 , -0.586773537074 )
( 55 , -0.579986922028 )
( 56 , -0.539704647373 )
( 57 , -0.759108054021 )
( 58 , -0.740258648001 )
( 59 , -0.699977312845 )
( 60 , -0.69129017956 )
( 61 , -0.575225097008 )
( 62 , -0.60387889903 )
( 63 , -0.592717470131 )
( 64 , -0.55930533621 )
( 65 , -0.603929104927 )
( 66 , -0.647773666739 )
( 67 , -0.524182297217 )
( 68 , -0.652163815398 )
( 69 , -0.697880256697 )
( 70 , -0.686470616085 )
( 71 , -0.763012781788 )
( 72 , -0.81295965825 )
( 73 , -0.81295965825 )
( 74 , -0.896156244292 )
( 75 , -0.939095090564 )
( 76 , -0.857565303578 )
( 77 , -0.926939901408 )
( 78 , -0.69556282535 )
( 79 , -0.672699184925 )
( 80 , -0.762219842003 )
( 81 , -0.965884578778 )
( 82 , -0.79363638045 )
( 83 , -0.721408724376 )
( 84 , -0.751909589347 )
( 85 , -0.877740057144 )
( 86 , -0.933951000213 )
( 87 , -0.964530199969 )
( 88 , -0.958084122186 )
( 89 , -0.831616069685 )
( 90 , -0.857704194227 )
( 91 , -0.804481657652 )
( 92 , -0.748654706758 )
( 93 , -0.710858830471 )
( 94 , -0.573474740346 )
( 95 , -0.716301958838 )
( 96 , -0.757074261664 )
( 97 , -0.862758191456 )
( 98 , -0.893342537647 )
( 99 , -0.977647357845 )
( 100 , -0.896457673111 )
( 101 , -0.679139965324 )
( 102 , -0.767040330172 )
( 103 , -0.588926234903 )
( 104 , -0.741531288217 )
( 105 , -0.682640381873 )
( 106 , -0.735052717323 )
( 107 , -0.722635680673 )
( 108 , -0.933012189749 )
( 109 , -0.931206465321 )
( 110 , -0.787124257186 )
( 111 , -0.76747890791 )
( 112 , -0.690280780347 )
( 113 , -0.767680993763 )
( 114 , -0.808303616607 )
( 115 , -0.845040973746 )
( 116 , -0.979818712989 )
( 117 , -0.971801577664 )
( 118 , -0.91642671077 )
( 119 , -0.961965309826 )
( 120 , -0.787788211205 )
( 121 , -0.563640017557 )
( 122 , -0.563640017557 )
( 123 , -0.703499253676 )
( 124 , -0.777682177547 )
( 125 , -0.784947049229 )
( 126 , -0.869735733506 )
( 127 , -0.874259783576 )
( 128 , -0.90164293387 )
( 129 , -0.849544825381 )
( 130 , -0.818913535154 )
( 131 , -0.769153596683 )
( 132 , -0.6815822624 )
( 133 , -0.660610364285 )
( 134 , -0.461660823529 )
( 135 , -0.50145148025 )
( 136 , -0.52063786016 )
( 137 , -0.675713636291 )
( 138 , -0.675713636291 )
( 139 , -0.672616214904 )
( 140 , -0.672616214904 )
( 141 , -0.64343366454 )
( 142 , -0.521741081843 )
( 143 , -0.499695167871 )
( 144 , -0.349737969573 )
( 145 , -0.316237562883 )
( 146 , -0.367213959096 )
( 147 , -0.41524909202 )
( 148 , -0.401250691267 )
( 149 , -0.381164647498 )
( 150 , -0.410083293984 )
( 151 , -0.353445366112 )
( 152 , -0.397608294263 )
( 153 , -0.24528295169 )
( 154 , -0.22596878048 )
( 155 , -0.114599885983 )
( 156 , -0.0751821163081 )
( 157 , 0.105353969321 )
( 158 , 0.192161820594 )
( 159 , 0.225050498041 )
( 160 , 0.171123201286 )
( 161 , 0.00795222558938 )
( 162 , 0.0570508048532 )
( 163 , 0.120369938897 )
( 164 , 0.159956664643 )
( 165 , 0.204479431065 )
( 166 , 0.458511161539 )
( 167 , 0.348446297685 )
( 168 , 0.468290720316 )
( 169 , 0.37329857771 )
( 170 , 0.220968213608 )
( 171 , 0.0867716673081 )
( 172 , 0.129100456253 )
( 173 , 0.0889671666504 )
( 174 , 0.169573313407 )
( 175 , 0.0214449604887 )
( 176 , -0.16477113625 )
( 177 , -0.024468589818 )
( 178 , 0.177690144879 )
( 179 , 0.172781508563 )
( 180 , 0.350839827732 )
( 181 , 0.487744280054 )
( 182 , 0.443079656712 )
( 183 , 0.444410635717 )
( 184 , 0.488997536653 )
( 185 , 0.608045890898 )
( 186 , 0.621878989027 )
( 187 , 0.540121720259 )
( 188 , 0.496183972026 )
( 189 , 0.474052696731 )
( 190 , 0.565287780498 )
( 191 , 0.550804898388 )
( 192 , 0.647591375013 )
( 193 , 0.610362739986 )
( 194 , 0.532396062858 )
( 195 , 0.618330805558 )
( 196 , 0.618330805558 )
( 197 , 0.550387212578 )
( 198 , 0.631277472474 )
( 199 , 0.543010564353 )

Samples for s = 10.0:
( 0 , 0.0 )
( 1 , 0.0 )
( 2 , 0.0 )
( 3 , 0.0 )
( 4 , 0.0 )
( 5 , 0.0 )
( 6 , 0.0 )
( 7 , 0.0 )
( 8 , 0.0 )
( 9 , 0.0 )
( 10 , -0.984872884615 )
( 11 , -0.984872884615 )
( 12 , -1.19926840915 )
( 13 , -1.19926840915 )
( 14 , -1.19926840915 )
( 15 , -1.19926840915 )
( 16 , -1.19926840915 )
( 17 , -0.142039792146 )
( 18 , -0.142039792146 )
( 19 , 0.478202280454 )
( 20 , 0.882354496435 )
( 21 , 0.882354496435 )
( 22 , 0.882354496435 )
( 23 , 0.882354496435 )
( 24 , 0.882354496435 )
( 25 , 0.882354496435 )
( 26 , 0.882354496435 )
( 27 , 0.882354496435 )
( 28 , 0.882354496435 )
( 29 , 0.882354496435 )
( 30 , 1.2630062814 )
( 31 , 1.2630062814 )
( 32 , 1.2630062814 )
( 33 , 1.2630062814 )
( 34 , 1.2630062814 )
( 35 , -1.74726213319 )
( 36 , -1.63627944668 )
( 37 , -1.63627944668 )
( 38 , -1.63627944668 )
( 39 , -1.63627944668 )
( 40 , -1.63627944668 )
( 41 , -1.63627944668 )
( 42 , -1.63627944668 )
( 43 , 1.05101721939 )
( 44 , 1.05101721939 )
( 45 , 1.05101721939 )
( 46 , 1.05101721939 )
( 47 , 1.44509327197 )
( 48 , 1.44509327197 )
( 49 , 1.44509327197 )
( 50 , 1.44509327197 )
( 51 , 0.0973316366313 )
( 52 , 0.722721484851 )
( 53 , 0.722721484851 )
( 54 , 0.722721484851 )
( 55 , 0.722721484851 )
( 56 , 0.722721484851 )
( 57 , 0.722721484851 )
( 58 , 0.722721484851 )
( 59 , 0.722721484851 )
( 60 , 0.722721484851 )
( 61 , 1.45960823217 )
( 62 , 1.45960823217 )
( 63 , 1.45960823217 )
( 64 , 1.45960823217 )
( 65 , 1.45960823217 )
( 66 , 1.45960823217 )
( 67 , 1.45960823217 )
( 68 , 1.45960823217 )
( 69 , 1.45960823217 )
( 70 , 1.57727972782 )
( 71 , 1.57727972782 )
( 72 , 1.57727972782 )
( 73 , 1.57727972782 )
( 74 , 1.57727972782 )
( 75 , -1.42711998678 )
( 76 , -1.92127805907 )
( 77 , -1.92127805907 )
( 78 , -1.92127805907 )
( 79 , 1.31822874202 )
( 80 , 1.31822874202 )
( 81 , 1.31822874202 )
( 82 , 0.21629319953 )
( 83 , 0.262736243172 )
( 84 , 0.262736243172 )
( 85 , 0.262736243172 )
( 86 , 0.448909556004 )
( 87 , 0.448909556004 )
( 88 , 0.448909556004 )
( 89 , 0.448909556004 )
( 90 , 0.448909556004 )
( 91 , 0.448909556004 )
( 92 , 0.448909556004 )
( 93 , 0.448909556004 )
( 94 , 0.448909556004 )
( 95 , 0.448909556004 )
( 96 , 0.448909556004 )
( 97 , 0.448909556004 )
( 98 , 0.448909556004 )
( 99 , 0.448909556004 )
( 100 , 0.448909556004 )
( 101 , 0.448909556004 )
( 102 , 0.448909556004 )
( 103 , 0.448909556004 )
( 104 , 0.448909556004 )
( 105 , 0.448909556004 )
( 106 , 0.448909556004 )
( 107 , 0.448909556004 )
( 108 , 0.448909556004 )
( 109 , 0.448909556004 )
( 110 , 0.448909556004 )
( 111 , 0.448909556004 )
( 112 , 0.448909556004 )
( 113 , 0.448909556004 )
( 114 , 0.448909556004 )
( 115 , -0.323888549488 )
( 116 , 0.943267557218 )
( 117 , 0.943267557218 )
( 118 , 0.943267557218 )
( 119 , 0.943267557218 )
( 120 , 0.943267557218 )
( 121 , 1.61156694357 )
( 122 , 1.61156694357 )
( 123 , 1.61156694357 )
( 124 , 1.61156694357 )
( 125 , 1.61156694357 )
( 126 , 1.61156694357 )
( 127 , -0.725195642969 )
( 128 , -1.42076761975 )
( 129 , -1.42076761975 )
( 130 , -1.42076761975 )
( 131 , 1.70227649355 )
( 132 , 1.70227649355 )
( 133 , 1.70227649355 )
( 134 , 1.70227649355 )
( 135 , -1.71638457156 )
( 136 , -1.71638457156 )
( 137 , -1.71638457156 )
( 138 , 0.147806919277 )
( 139 , 0.147806919277 )
( 140 , 0.147806919277 )
( 141 , 0.147806919277 )
( 142 , 0.147806919277 )
( 143 , 0.147806919277 )
( 144 , 0.147806919277 )
( 145 , 0.147806919277 )
( 146 , 0.147806919277 )
( 147 , 0.147806919277 )
( 148 , 0.147806919277 )
( 149 , 0.147806919277 )
( 150 , 0.147806919277 )
( 151 , 0.147806919277 )
( 152 , 0.147806919277 )
( 153 , 0.147806919277 )
( 154 , 0.147806919277 )
( 155 , 1.10935722751 )
( 156 , 1.10935722751 )
( 157 , 1.10935722751 )
( 158 , 1.10935722751 )
( 159 , 1.10935722751 )
( 160 , 1.10935722751 )
( 161 , 1.10935722751 )
( 162 , 1.10935722751 )
( 163 , 1.10935722751 )
( 164 , 1.10935722751 )
( 165 , 1.10935722751 )
( 166 , 1.10935722751 )
( 167 , 1.10935722751 )
( 168 , 1.10935722751 )
( 169 , 1.10935722751 )
( 170 , 1.10935722751 )
( 171 , 0.614968112177 )
( 172 , 0.614968112177 )
( 173 , 0.614968112177 )
( 174 , 0.614968112177 )
( 175 , 0.614968112177 )
( 176 , 0.614968112177 )
( 177 , 0.614968112177 )
( 178 , 0.614968112177 )
( 179 , -0.407122037622 )
( 180 , -0.295018804554 )
( 181 , -0.295018804554 )
( 182 , -0.295018804554 )
( 183 , -0.295018804554 )
( 184 , -0.295018804554 )
( 185 , -0.295018804554 )
( 186 , -0.295018804554 )
( 187 , -0.295018804554 )
( 188 , -0.295018804554 )
( 189 , -0.295018804554 )
( 190 , -0.295018804554 )
( 191 , -0.295018804554 )
( 192 , -0.295018804554 )
( 193 , -0.295018804554 )
( 194 , -0.295018804554 )
( 195 , -0.295018804554 )
( 196 , -0.295018804554 )
( 197 , -0.295018804554 )
( 198 , -0.295018804554 )
( 199 , -0.295018804554 )

Samples for x0 = 0.5:
( 0 , 0.5 )
( 1 , 1.24477330269 )
( 2 , 1.36410304235 )
( 3 , 1.83201252372 )
( 4 , 1.88533795551 )
( 5 , 1.88533795551 )
( 6 , 0.918778985887 )
( 7 , 0.779965494334 )
( 8 , 0.562811119954 )
( 9 , 0.562811119954 )
( 10 , 0.860688837658 )
( 11 , 1.18481592542 )
( 12 , 1.39022357885 )
( 13 , 1.87315308448 )
( 14 , 0.877025795618 )
( 15 , 0.910447275001 )
( 16 , 0.910447275001 )
( 17 , -0.110889818568 )
( 18 , -0.706830164983 )
( 19 , -0.827279044822 )
( 20 , -0.827279044822 )
( 21 , -0.827279044822 )
( 22 , -2.19619113608 )
( 23 , -1.61216029595 )
( 24 , -1.61216029595 )
( 25 , -1.52186246455 )
( 26 , -1.33956409904 )
( 27 , -1.50533450892 )
( 28 , -1.00700656379 )
( 29 , -1.00700656379 )
( 30 , 0.311281104113 )
( 31 , -0.0698972078032 )
( 32 , -0.0698972078032 )
( 33 , -0.151122999831 )
( 34 , 0.623105876269 )
( 35 , -0.0824918112581 )
( 36 , -0.0824918112581 )
( 37 , 1.34146804111 )
( 38 , 1.34146804111 )
( 39 , 0.682066041699 )
( 40 , 0.430655765599 )
( 41 , 0.430655765599 )
( 42 , -0.823034888451 )
( 43 , -0.823034888451 )
( 44 , -1.35337879417 )
( 45 , -1.35337879417 )
( 46 , -2.43196556465 )
( 47 , -2.43196556465 )
( 48 , -2.42745874403 )
( 49 , -2.42745874403 )
( 50 , -2.10704744647 )
( 51 , -2.34647274005 )
( 52 , -2.24510872734 )
( 53 , -0.545326960068 )
( 54 , -0.051145255619 )
( 55 , -0.168901585884 )
( 56 , -0.658295068135 )
( 57 , -0.218547446083 )
( 58 , -0.326806001023 )
( 59 , 0.189831305872 )
( 60 , 0.837822536169 )
( 61 , -0.159527394238 )
( 62 , -0.159527394238 )
( 63 , 1.03309626794 )
( 64 , 1.03309626794 )
( 65 , 0.870979547884 )
( 66 , 1.1669073538 )
( 67 , 1.2122207065 )
( 68 , 1.14347617016 )
( 69 , 1.14347617016 )
( 70 , -0.902561965594 )
( 71 , -0.596431426488 )
( 72 , 0.23930188787 )
( 73 , -1.55454784305 )
( 74 , -1.55454784305 )
( 75 , -0.7725788806 )
( 76 , 0.0348478779287 )
( 77 , -0.26008605524 )
( 78 , -0.617092427176 )
( 79 , -0.617092427176 )
( 80 , -0.303907857068 )
( 81 , -0.303907857068 )
( 82 , -0.303907857068 )
( 83 , 0.799322272604 )
( 84 , 0.230387819486 )
( 85 , -0.278226117574 )
( 86 , -0.278226117574 )
( 87 , -0.445185641843 )
( 88 , -0.0818528879512 )
( 89 , -0.0818528879512 )
( 90 , 0.793382140025 )
( 91 , 0.793382140025 )
( 92 , 0.793382140025 )
( 93 , 0.549589479943 )
( 94 , -0.0903217781562 )
( 95 , 0.832522230034 )
( 96 , 1.63206705455 )
( 97 , 0.326265969113 )
( 98 , 0.101813492685 )
( 99 , 0.392230019849 )
( 100 , -0.663628842071 )
( 101 , -0.663628842071 )
( 102 , -0.663628842071 )
( 103 , 0.0468982016658 )
( 104 , 0.589246228307 )
( 105 , -0.229682000335 )
( 106 , -0.296537783181 )
( 107 , -0.402475645941 )
( 108 , -0.402475645941 )
( 109 , -1.70131411827 )
( 110 , -1.70131411827 )
( 111 , -1.70131411827 )
( 112 , -1.86648055946 )
( 113 , -1.86648055946 )
( 114 , -0.325488746855 )
( 115 , -0.70135373679 )
( 116 , -0.0523803914627 )
( 117 , 0.36632231804 )
( 118 , 0.129741135617 )
( 119 , 0.782737282473 )
( 120 , 0.519603186446 )
( 121 , 0.521598091782 )
( 122 , -0.554023410921 )
( 123 , -1.56848502639 )
( 124 , -1.56848502639 )
( 125 , -1.29751254978 )
( 126 , -1.56884710163 )
( 127 , -1.56884710163 )
( 128 , -1.73604121916 )
( 129 , -2.50466128212 )
( 130 , -1.81745455307 )
( 131 , -1.81745455307 )
( 132 , -1.19287769684 )
( 133 , -1.50911910528 )
( 134 , -1.50911910528 )
( 135 , -0.189553001355 )
( 136 , -0.189553001355 )
( 137 , -0.189553001355 )
( 138 , -0.189553001355 )
( 139 , -1.16813431003 )
( 140 , -1.58893769285 )
( 141 , -1.53347484588 )
( 142 , -1.53347484588 )
( 143 , -1.53347484588 )
( 144 , -0.815893164038 )
( 145 , -0.815893164038 )
( 146 , -0.815893164038 )
( 147 , -0.976770218554 )
( 148 , 0.629086858513 )
( 149 , 0.507742835736 )
( 150 , 0.787381389881 )
( 151 , 1.25849095599 )
( 152 , 1.53863434872 )
( 153 , 1.32422897241 )
( 154 , -0.297929253564 )
( 155 , -0.0124440757142 )
( 156 , -0.0124440757142 )
( 157 , -0.473037701731 )
( 158 , -0.630719693657 )
( 159 , 0.586619330415 )
( 160 , 0.743718617796 )
( 161 , 0.743718617796 )
( 162 , 0.335567540845 )
( 163 , 1.05309178217 )
( 164 , 0.453476217468 )
( 165 , -0.272206230952 )
( 166 , -0.871890565374 )
( 167 , -0.735341206828 )
( 168 , -0.916046417749 )
( 169 , 0.0190404954069 )
( 170 , -0.772325348761 )
( 171 , -1.79372432881 )
( 172 , 0.0942903616469 )
( 173 , 0.0942903616469 )
( 174 , -0.306531603694 )
( 175 , 0.135652986848 )
( 176 , 0.135652986848 )
( 177 , -1.61868285818 )
( 178 , -1.61868285818 )
( 179 , -0.952088321433 )
( 180 , -0.38879795007 )
( 181 , -0.38879795007 )
( 182 , -1.27532029003 )
( 183 , -1.33914953474 )
( 184 , -1.09978283323 )
( 185 , -0.997329450573 )
( 186 , 1.02352325695 )
( 187 , 1.01282361584 )
( 188 , 0.734993413663 )
( 189 , 0.734993413663 )
( 190 , 0.734993413663 )
( 191 , 1.09126696711 )
( 192 , 0.153322669933 )
( 193 , -0.716288624913 )
( 194 , -1.12908612286 )
( 195 , -0.407710670289 )
( 196 , -0.291072863493 )
( 197 , 0.62146331105 )
( 198 , -0.834487842714 )
( 199 , -0.834487842714 )

Samples for s = 0.1:
( 0 , 12.0 )
( 1 , 10.9818840563 )
( 2 , 10.9818840563 )
( 3 , 10.6604493011 )
( 4 , 10.6604493011 )
( 5 , 10.6604493011 )
( 6 , 10.6604493011 )
( 7 , 10.6604493011 )
( 8 , 10.6604493011 )
( 9 , 9.00900174858 )
( 10 , 9.00900174858 )
( 11 , 9.00900174858 )
( 12 , 9.00900174858 )
( 13 , 9.00900174858 )
( 14 , 9.00900174858 )
( 15 , 9.00900174858 )
( 16 , 8.50607389751 )
( 17 , 8.50607389751 )
( 18 , 8.62599606017 )
( 19 , 7.16009863631 )
( 20 , 7.16009863631 )
( 21 , 6.87039729078 )
( 22 , 6.87039729078 )
( 23 , 5.71518972909 )
( 24 , 5.71518972909 )
( 25 , 5.71518972909 )
( 26 , 5.67778095482 )
( 27 , 4.71066245426 )
( 28 , 4.71066245426 )
( 29 , 4.71066245426 )
( 30 , 4.22714469916 )
( 31 , 1.71802470461 )
( 32 , 0.716964718834 )
( 33 , -0.457187652329 )
( 34 , -0.457187652329 )
( 35 , 0.00232867892033 )
( 36 , 0.183785984892 )
( 37 , -0.765809985343 )
( 38 , -1.17881197983 )
( 39 , -1.3208798263 )
( 40 , -1.3208798263 )
( 41 , -0.691524811304 )
( 42 , -1.65035408247 )
( 43 , -1.80555313428 )
( 44 , -1.11222192902 )
( 45 , -1.11222192902 )
( 46 , -0.577162599108 )
( 47 , 0.418083152668 )
( 48 , -0.571663555132 )
( 49 , -0.940189646062 )
( 50 , 1.09288004348 )
( 51 , 0.453388154762 )
( 52 , -1.49150224859 )
( 53 , -1.00337398522 )
( 54 , -1.12185585313 )
( 55 , -1.12185585313 )
( 56 , -1.17330272972 )
( 57 , -1.81400807639 )
( 58 , -1.81400807639 )
( 59 , -0.981742286264 )
( 60 , -0.264590811048 )
( 61 , -0.264590811048 )
( 62 , -0.264590811048 )
( 63 , 0.791618309341 )
( 64 , -1.42592934411 )
( 65 , -1.42592934411 )
( 66 , -0.673574455596 )
( 67 , -0.673574455596 )
( 68 , 0.568813557112 )
( 69 , 0.568813557112 )
( 70 , 0.698746772261 )
( 71 , 1.34126760287 )
( 72 , 1.34126760287 )
( 73 , 0.859035416769 )
( 74 , 0.392572945813 )
( 75 , 0.392572945813 )
( 76 , 0.4843565941 )
( 77 , 0.00561310665558 )
( 78 , -0.808759951181 )
( 79 , -0.808759951181 )
( 80 , -0.396782772168 )
( 81 , -0.435602733528 )
( 82 , 0.988225779904 )
( 83 , -0.0100799287042 )
( 84 , 0.362893753009 )
( 85 , 0.362893753009 )
( 86 , 0.0757065961423 )
( 87 , 0.0757065961423 )
( 88 , -1.0591951458 )
( 89 , -0.397872418125 )
( 90 , -0.397872418125 )
( 91 , -0.44650919048 )
( 92 , -0.44650919048 )
( 93 , -0.44650919048 )
( 94 , -0.704387461948 )
( 95 , -0.704387461948 )
( 96 , -0.716746187312 )
( 97 , -0.716746187312 )
( 98 , -0.716746187312 )
( 99 , -0.716746187312 )
( 100 , -1.30510013845 )
( 101 , -1.30510013845 )
( 102 , -1.30510013845 )
( 103 , -0.0730505648113 )
( 104 , -0.185557039626 )
( 105 , 0.609436070411 )
( 106 , 0.481691662761 )
( 107 , 0.481691662761 )
( 108 , 1.42888315531 )
( 109 , 1.45208550356 )
( 110 , 1.94394246237 )
( 111 , -0.0789292968039 )
( 112 , 0.14716533239 )
( 113 , 0.14716533239 )
( 114 , -0.0660971192364 )
( 115 , -0.154659442251 )
( 116 , -0.252502222905 )
( 117 , -0.508271019267 )
( 118 , -0.472143769761 )
( 119 , -0.00676450698293 )
( 120 , 0.302023974972 )
( 121 , 0.629397862491 )
( 122 , 0.153241209368 )
( 123 , -0.942485921833 )
( 124 , -0.942485921833 )
( 125 , -0.942485921833 )
( 126 , -0.562120187173 )
( 127 , -0.146389520411 )
( 128 , -0.146389520411 )
( 129 , -0.02993676344 )
( 130 , 0.632876468247 )
( 131 , -0.0684920121257 )
( 132 , -0.488551353974 )
( 133 , -0.475426591725 )
( 134 , 0.31946572881 )
( 135 , 0.31946572881 )
( 136 , 0.31946572881 )
( 137 , 0.31946572881 )
( 138 , 0.31946572881 )
( 139 , 0.517116431558 )
( 140 , -1.4425564277 )
( 141 , -1.15713046641 )
( 142 , -1.15713046641 )
( 143 , -1.64761680687 )
( 144 , -1.64761680687 )
( 145 , -1.64761680687 )
( 146 , -1.64761680687 )
( 147 , -1.43774888455 )
( 148 , 0.167697625583 )
( 149 , -0.548227114566 )
( 150 , -0.36576465069 )
( 151 , -0.36576465069 )
( 152 , 0.440355540993 )
( 153 , 1.14522641829 )
( 154 , 0.524044949407 )
( 155 , 0.524044949407 )
( 156 , 0.210668586232 )
( 157 , 1.33687271054 )
( 158 , 0.533541740703 )
( 159 , -1.28350342008 )
( 160 , -1.32734916217 )
( 161 , -1.32734916217 )
( 162 , -1.64747678528 )
( 163 , -2.0738295714 )
( 164 , -2.0738295714 )
( 165 , -2.0738295714 )
( 166 , -2.0738295714 )
( 167 , -0.870393310398 )
( 168 , -0.258240156594 )
( 169 , -0.258240156594 )
( 170 , -0.347674934349 )
( 171 , -1.0556696041 )
( 172 , -1.0556696041 )
( 173 , -2.1827223639 )
( 174 , -1.32667617526 )
( 175 , -1.51552355884 )
( 176 , -1.51552355884 )
( 177 , -1.09584758417 )
( 178 , -0.396339894679 )
( 179 , -0.396339894679 )
( 180 , -0.492812679808 )
( 181 , -1.17725085797 )
( 182 , -0.79308469738 )
( 183 , -0.79308469738 )
( 184 , 0.594091971988 )
( 185 , 0.594091971988 )
( 186 , 0.515481758674 )
( 187 , 1.23922697129 )
( 188 , 1.33805067645 )
( 189 , 1.28134387796 )
( 190 , 1.28134387796 )
( 191 , 0.834635566074 )
( 192 , -0.296043712468 )
( 193 , 0.0328026777498 )
( 194 , 0.294558100442 )
( 195 , 0.439660895505 )
( 196 , 1.0037709874 )
( 197 , 1.0037709874 )
( 198 , 1.0037709874 )
( 199 , 1.0037709874 )
