

Mean vec: 
( 0.0 , 1.4210854715202004e-14 )
( 0.004016064257028112 , 0.04069488901090779 )
( 0.008032128514056224 , 0.08092873622517516 )
( 0.012048192771084336 , 0.12063938488378767 )
( 0.01606425702811245 , 0.15976143672101273 )
( 0.020080321285140562 , 0.19822748276793334 )
( 0.024096385542168672 , 0.23596904866623447 )
( 0.028112449799196783 , 0.2729174155861358 )
( 0.0321285140562249 , 0.3090043865931733 )
( 0.03614457831325301 , 0.34416304248560436 )
( 0.040160642570281124 , 0.3783285251422086 )
( 0.04417670682730923 , 0.4114388930656503 )
( 0.048192771084337345 , 0.4434361189022695 )
( 0.05220883534136546 , 0.47426737663184326 )
( 0.056224899598393566 , 0.5038871798825681 )
( 0.06024096385542168 , 0.5322608732249137 )
( 0.0642570281124498 , 0.559363532663042 )
( 0.0682730923694779 , 0.5851770257937972 )
( 0.07228915662650602 , 0.6096886676584461 )
( 0.07630522088353413 , 0.6328903973204376 )
( 0.08032128514056225 , 0.6547781850673715 )
( 0.08433734939759036 , 0.6753515728239137 )
( 0.08835341365461846 , 0.6946133011861093 )
( 0.09236947791164658 , 0.7125689969527542 )
( 0.09638554216867469 , 0.7292269050364268 )
( 0.1004016064257028 , 0.7445976540878689 )
( 0.10441767068273092 , 0.7586940484120959 )
( 0.10843373493975902 , 0.7715308808058694 )
( 0.11244979919678713 , 0.7831247622916493 )
( 0.11646586345381525 , 0.7934939656385893 )
( 0.12048192771084336 , 0.8026582802366704 )
( 0.12449799196787148 , 0.810638876321633 )
( 0.1285140562248996 , 0.8174581769090565 )
( 0.1325301204819277 , 0.8231397360368362 )
( 0.1365461847389558 , 0.8277081220840472 )
( 0.14056224899598393 , 0.8311888050649969 )
( 0.14457831325301204 , 0.8336080468594673 )
( 0.14859437751004015 , 0.8349927933744965 )
( 0.15261044176706826 , 0.8353705676138219 )
( 0.15662650602409636 , 0.8347693625493804 )
( 0.1606425702811245 , 0.8332175325536184 )
( 0.1646586345381526 , 0.8307436818901976 )
( 0.1686746987951807 , 0.8273765483333335 )
( 0.17269076305220882 , 0.8231448792913625 )
( 0.17670682730923692 , 0.8180772965167051 )
( 0.18072289156626503 , 0.8122021430358473 )
( 0.18473895582329317 , 0.8055473004716447 )
( 0.18875502008032127 , 0.7981399492293804 )
( 0.19277108433734938 , 0.7900061595092751 )
( 0.1967871485943775 , 0.7811702764461614 )
( 0.2008032128514056 , 0.7716551840552626 )
( 0.20481927710843373 , 0.7614827967490356 )
( 0.20883534136546184 , 0.750674278023709 )
( 0.21285140562248994 , 0.7392501731740282 )
( 0.21686746987951805 , 0.727230502473887 )
( 0.22088353413654616 , 0.7146348311753457 )
( 0.22489959839357426 , 0.7014823243007697 )
( 0.2289156626506024 , 0.6877917907439723 )
( 0.2329317269076305 , 0.6735817194838489 )
( 0.2369477911646586 , 0.6588703097769297 )
( 0.24096385542168672 , 0.6436754966254625 )
( 0.24497991967871482 , 0.6280149724607327 )
( 0.24899598393574296 , 0.6119062057416897 )
( 0.25301204819277107 , 0.5953664570001393 )
( 0.2570281124497992 , 0.5784127927457092 )
( 0.2610441767068273 , 0.5610620975640472 )
( 0.2650602409638554 , 0.5433310846646009 )
( 0.2690763052208835 , 0.5252363050966977 )
( 0.2730923694779116 , 0.5067941558070572 )
( 0.2771084337349397 , 0.48802088668381316 )
( 0.28112449799196787 , 0.46893260671022574 )
( 0.285140562248996 , 0.44954528932777293 )
( 0.2891566265060241 , 0.4298747770958613 )
( 0.2931726907630522 , 0.40993678572326075 )
( 0.2971887550200803 , 0.38974690753131824 )
( 0.3012048192771084 , 0.36932061440235486 )
( 0.3052208835341365 , 0.3486732602636238 )
( 0.3092369477911646 , 0.32782008314217137 )
( 0.3132530120481927 , 0.3067762068275215 )
( 0.31726907630522083 , 0.28555664217095966 )
( 0.321285140562249 , 0.26417628804696847 )
( 0.3253012048192771 , 0.24264993200026197 )
( 0.3293172690763052 , 0.2209922505966091 )
( 0.3333333333333333 , 0.19921780949364631 )
( 0.3373493975903614 , 0.17734106324513732 )
( 0.34136546184738953 , 0.15537635485267742 )
( 0.34538152610441764 , 0.13333791507213277 )
( 0.34939759036144574 , 0.11123986148432152 )
( 0.35341365461847385 , 0.08909619733474017 )
( 0.35742971887550196 , 0.06692081015052054 )
( 0.36144578313253006 , 0.044727470133381075 )
( 0.3654618473895582 , 0.022529828333148316 )
( 0.36947791164658633 , 0.00034141460237435695 )
( 0.37349397590361444 , -0.02182436466743809 )
( 0.37751004016064255 , -0.043954229034497416 )
( 0.38152610441767065 , -0.06603502671991635 )
( 0.38554216867469876 , -0.08805373754933044 )
( 0.38955823293172687 , -0.10999747613263366 )
( 0.393574297188755 , -0.13185349528896495 )
( 0.3975903614457831 , -0.1536091897221752 )
( 0.4016064257028112 , -0.1752520999635152 )
( 0.4056224899598393 , -0.19676991659385124 )
( 0.40963855421686746 , -0.2181504847538065 )
( 0.41365461847389556 , -0.239381808972027 )
( 0.41767068273092367 , -0.2604520583215475 )
( 0.4216867469879518 , -0.2813495719341006 )
( 0.4257028112449799 , -0.302062864897394 )
( 0.429718875502008 , -0.3225806345730149 )
( 0.4337349397590361 , -0.3428917673664671 )
( 0.4377510040160642 , -0.36298534599978893 )
( 0.4417670682730923 , -0.3828506573401995 )
( 0.4457831325301204 , -0.4024772008418154 )
( 0.4497991967871485 , -0.4218546976877633 )
( 0.4538152610441767 , -0.44097310071676077 )
( 0.4578313253012048 , -0.45982260525563845 )
( 0.4618473895582329 , -0.47839366100328107 )
( 0.465863453815261 , -0.49667698514281255 )
( 0.4698795180722891 , -0.5146635769349501 )
( 0.4738955823293172 , -0.5323447341075962 )
( 0.47791164658634533 , -0.5497120714909158 )
( 0.48192771084337344 , -0.5667575425418647 )
( 0.48594377510040154 , -0.5834734647374233 )
( 0.48995983935742965 , -0.59985255043091 )
( 0.4939759036144578 , -0.6158879460809317 )
( 0.4979919678714859 , -0.6315732861711183 )
( 0.502008032128514 , -0.6469027833894216 )
( 0.5060240963855421 , -0.6618714074105014 )
( 0.5100401606425702 , -0.6764748846143078 )
( 0.5140562248995983 , -0.690709518740519 )
( 0.5180722891566265 , -0.7045721001441052 )
( 0.5220883534136546 , -0.7180598513094196 )
( 0.5261044176706827 , -0.7311703870509518 )
( 0.5301204819277108 , -0.7439016830833651 )
( 0.5341365461847389 , -0.7562520500470953 )
( 0.538152610441767 , -0.7682201114021012 )
( 0.5421686746987951 , -0.7798047841975375 )
( 0.5461847389558232 , -0.7910052620827202 )
( 0.5502008032128514 , -0.8018210001065285 )
( 0.5542168674698794 , -0.8122517009810934 )
( 0.5582329317269076 , -0.822297302569595 )
( 0.5622489959839357 , -0.831957966410684 )
( 0.5662650602409638 , -0.8412340671296619 )
( 0.570281124497992 , -0.8501261826280171 )
( 0.57429718875502 , -0.8586350849455897 )
( 0.5783132530120482 , -0.8667617317262142 )
( 0.5823293172690762 , -0.8745072582152318 )
( 0.5863453815261044 , -0.8818729697358947 )
( 0.5903614457831324 , -0.8888603345977373 )
( 0.5943775100401606 , -0.8954709773963287 )
( 0.5983935742971886 , -0.9017066726694623 )
( 0.6024096385542168 , -0.9075693388768968 )
( 0.606425702811245 , -0.9130610326821937 )
( 0.610441767068273 , -0.9181839435079127 )
( 0.6144578313253012 , -0.9229403883447844 )
( 0.6184738955823292 , -0.9273328067974376 )
( 0.6224899598393574 , -0.9313637563469541 )
( 0.6265060240963854 , -0.9350359078203212 )
( 0.6305220883534136 , -0.9383520410459454 )
( 0.6345381526104417 , -0.9413150406896307 )
( 0.6385542168674698 , -0.9439278922545355 )
( 0.642570281124498 , -0.9461936782400784 )
( 0.646586345381526 , -0.948115574443662 )
( 0.6506024096385542 , -0.9496968464026452 )
( 0.6546184738955823 , -0.9509408459673239 )
( 0.6586345381526104 , -0.9518510079913227 )
( 0.6626506024096385 , -0.9524308471441003 )
( 0.6666666666666666 , -0.952683954828359 )
( 0.6706827309236947 , -0.9526139962025724 )
( 0.6746987951807228 , -0.952224707300303 )
( 0.6787148594377509 , -0.9515198922430272 )
( 0.6827309236947791 , -0.9505034205416507 )
( 0.6867469879518072 , -0.9491792244790247 )
( 0.6907630522088353 , -0.9475512965740336 )
( 0.6947791164658634 , -0.9456236871186974 )
( 0.6987951807228915 , -0.9434005017880054 )
( 0.7028112449799196 , -0.9408858993170384 )
( 0.7068273092369477 , -0.9380840892417268 )
( 0.7108433734939759 , -0.9349993297007586 )
( 0.7148594377510039 , -0.9316359252968027 )
( 0.7188755020080321 , -0.9279982250108674 )
( 0.7228915662650601 , -0.9240906201695935 )
( 0.7269076305220883 , -0.9199175424628692 )
( 0.7309236947791165 , -0.9154834620067049 )
( 0.7349397590361445 , -0.91079288545248 )
( 0.7389558232931727 , -0.9058503541369873 )
( 0.7429718875502007 , -0.9006604422720841 )
( 0.7469879518072289 , -0.8952277551733019 )
( 0.7510040160642569 , -0.8895569275228752 )
( 0.7550200803212851 , -0.8836526216667551 )
( 0.7590361445783131 , -0.8775195259416932 )
( 0.7630522088353413 , -0.8711623530336539 )
( 0.7670682730923694 , -0.8645858383626432 )
( 0.7710843373493975 , -0.8577947384915063 )
( 0.7751004016064257 , -0.8507938295633863 )
( 0.7791164658634537 , -0.8435879057545534 )
( 0.7831325301204819 , -0.8361817777531968 )
( 0.78714859437751 , -0.828580271252612 )
( 0.7911646586345381 , -0.8207882254635877 )
( 0.7951807228915662 , -0.812810491639766 )
( 0.7991967871485943 , -0.8046519316179399 )
( 0.8032128514056224 , -0.796317416368403 )
( 0.8072289156626505 , -0.7878118245562575 )
( 0.8112449799196786 , -0.7791400411090876 )
( 0.8152610441767068 , -0.7703069557920088 )
( 0.8192771084337349 , -0.7613174617877405 )
( 0.823293172690763 , -0.7521764542778513 )
( 0.8273092369477911 , -0.7428888290259366 )
( 0.8313253012048192 , -0.7334594809588495 )
( 0.8353413654618473 , -0.7238933027462338 )
( 0.8393574297188754 , -0.7141951833739952 )
( 0.8433734939759036 , -0.7043700067111516 )
( 0.8473895582329316 , -0.6944226500680628 )
( 0.8514056224899598 , -0.6843579827427746 )
( 0.8554216867469878 , -0.6741808645546641 )
( 0.859437751004016 , -0.663896144360713 )
( 0.8634538152610441 , -0.6535086585559213 )
( 0.8674698795180722 , -0.6430232295503586 )
( 0.8714859437751004 , -0.6324446642215946 )
( 0.8755020080321284 , -0.6217777523453236 )
( 0.8795180722891566 , -0.611027264988401 )
( 0.8835341365461846 , -0.6001979528761936 )
( 0.8875502008032128 , -0.5892945447167293 )
( 0.8915662650602408 , -0.5783217454875498 )
( 0.895582329317269 , -0.5672842346743749 )
( 0.899598393574297 , -0.5561866644626434 )
( 0.9036144578313252 , -0.5450336578708885 )
( 0.9076305220883534 , -0.5338298068255156 )
( 0.9116465863453814 , -0.522579670166067 )
( 0.9156626506024096 , -0.5112877715767823 )
( 0.9196787148594376 , -0.49995859743788174 )
( 0.9236947791164658 , -0.4885965945809261 )
( 0.9277108433734939 , -0.47720616794869386 )
( 0.931726907630522 , -0.46579167813424505 )
( 0.9357429718875501 , -0.4543574388032283 )
( 0.9397590361445782 , -0.44290771396276085 )
( 0.9437751004016064 , -0.43144671508047594 )
( 0.9477911646586344 , -0.41997859801060144 )
( 0.9518072289156626 , -0.40850745971973623 )
( 0.9558232931726907 , -0.39703733476613934 )
( 0.9598393574297188 , -0.38557219150095534 )
( 0.9638554216867469 , -0.3741159279373605 )
( 0.967871485943775 , -0.3626723672217196 )
( 0.9718875502008031 , -0.35124525263183415 )
( 0.9759036144578312 , -0.3398382419736379 )
( 0.9799196787148593 , -0.3284549012237292 )
( 0.9839357429718875 , -0.3170986971742096 )
( 0.9879518072289156 , -0.30577298871008196 )
( 0.9919678714859437 , -0.2944810160683886 )
( 0.9959839357429718 , -0.28322588683129624 )
( 1.0 , -0.27201055544468744 )


Pos dev: 
( 0.0 , 1.4210854715202004e-14 )
( 0.004016064257028112 , 0.041968531504069755 )
( 0.008032128514056224 , 0.08325731206074394 )
( 0.012048192771084336 , 0.12380043178632988 )
( 0.01606425702811245 , 0.16353234358270116 )
( 0.020080321285140562 , 0.20238810989180386 )
( 0.024096385542168672 , 0.24030394272293956 )
( 0.028112449799196783 , 0.2772178202909918 )
( 0.0321285140562249 , 0.3130701544936567 )
( 0.03614457831325301 , 0.3478045219976304 )
( 0.040160642570281124 , 0.3813684942923029 )
( 0.04417670682730923 , 0.41371463555176297 )
( 0.048192771084337345 , 0.4448018159416153 )
( 0.05220883534136546 , 0.474597260216395 )
( 0.056224899598393566 , 0.5046927168238062 )
( 0.06024096385542168 , 0.5342706179697284 )
( 0.0642570281124498 , 0.5626221855732435 )
( 0.0682730923694779 , 0.589708894475515 )
( 0.07228915662650602 , 0.6154997450098738 )
( 0.07630522088353413 , 0.6399699167373568 )
( 0.08032128514056225 , 0.663099914187413 )
( 0.08433734939759036 , 0.6848749533824176 )
( 0.08835341365461846 , 0.7052844890886855 )
( 0.09236947791164658 , 0.7243218332855841 )
( 0.09638554216867469 , 0.7419838369811118 )
( 0.1004016064257028 , 0.7582706182294211 )
( 0.10441767068273092 , 0.7731853250999592 )
( 0.10843373493975902 , 0.786733925842401 )
( 0.11244979919678713 , 0.7989250206772727 )
( 0.11646586345381525 , 0.8097696710874324 )
( 0.12048192771084336 , 0.8192812434765805 )
( 0.12449799196787148 , 0.8274752647484642 )
( 0.1285140562248996 , 0.8343692878727607 )
( 0.1325301204819277 , 0.839982765886046 )
( 0.1365461847389558 , 0.8443369330631885 )
( 0.14056224899598393 , 0.8474546922378374 )
( 0.14457831325301204 , 0.8493605074459422 )
( 0.14859437751004015 , 0.8500803012546543 )
( 0.15261044176706826 , 0.8496413563325972 )
( 0.15662650602409636 , 0.8480722210381453 )
( 0.1606425702811245 , 0.8454026191256858 )
( 0.1646586345381526 , 0.8416633641473371 )
( 0.1686746987951807 , 0.8368862799570587 )
( 0.17269076305220882 , 0.8311041303286634 )
( 0.17670682730923692 , 0.8243505640211377 )
( 0.18072289156626503 , 0.8166600896685453 )
( 0.18473895582329317 , 0.8080681184060493 )
( 0.18875502008032127 , 0.7986112127393646 )
( 0.19277108433734938 , 0.7916838805233477 )
( 0.1967871485943775 , 0.7850811874060025 )
( 0.2008032128514056 , 0.7778716449444839 )
( 0.20481927710843373 , 0.7700669158102864 )
( 0.20883534136546184 , 0.7616787433686868 )
( 0.21285140562248994 , 0.7527188207369412 )
( 0.21686746987951805 , 0.7431987504832944 )
( 0.22088353413654616 , 0.733130036583014 )
( 0.22489959839357426 , 0.7225240895586525 )
( 0.2289156626506024 , 0.7113922371217112 )
( 0.2329317269076305 , 0.6997457368509739 )
( 0.2369477911646586 , 0.68759578926585 )
( 0.24096385542168672 , 0.6749535504894562 )
( 0.24497991967871482 , 0.6618301441230066 )
( 0.24899598393574296 , 0.6482366721742779 )
( 0.25301204819277107 , 0.6341842249893627 )
( 0.2570281124497992 , 0.6196838902057831 )
( 0.2610441767068273 , 0.6047467607734937 )
( 0.2650602409638554 , 0.5893839421012659 )
( 0.2690763052208835 , 0.5736065583959612 )
( 0.2730923694779116 , 0.5574257582597434 )
( 0.2771084337349397 , 0.5408527196055384 )
( 0.28112449799196787 , 0.5238986539535329 )
( 0.285140562248996 , 0.5065748101582369 )
( 0.2891566265060241 , 0.4888924776176805 )
( 0.2931726907630522 , 0.47086298900981366 )
( 0.2971887550200803 , 0.452497722594512 )
( 0.3012048192771084 , 0.43380810411533277 )
( 0.3052208835341365 , 0.41480560833899527 )
( 0.3092369477911646 , 0.3955017602554968 )
( 0.3132530120481927 , 0.3759081359675488 )
( 0.31726907630522083 , 0.356036363290952 )
( 0.321285140562249 , 0.3358981220860324 )
( 0.3253012048192771 , 0.3155051443398777 )
( 0.3293172690763052 , 0.29486921401373933 )
( 0.3333333333333333 , 0.2740021666700731 )
( 0.3373493975903614 , 0.25291588889104577 )
( 0.34136546184738953 , 0.23162231750150802 )
( 0.34538152610441764 , 0.21013343860409345 )
( 0.34939759036144574 , 0.18846128643565596 )
( 0.35341365461847385 , 0.16661794205126335 )
( 0.35742971887550196 , 0.14461553184557716 )
( 0.36144578313253006 , 0.12246622591166613 )
( 0.3654618473895582 , 0.10018223624529506 )
( 0.36947791164658633 , 0.07777581479827833 )
( 0.37349397590361444 , 0.05525925138517461 )
( 0.37751004016064255 , 0.03264487144162091 )
( 0.38152610441767065 , 0.009945033640631429 )
( 0.38554216867469876 , -0.012827872631133178 )
( 0.38955823293172687 , -0.03566142993780008 )
( 0.393574297188755 , -0.05854319559906421 )
( 0.3975903614457831 , -0.08146070462814434 )
( 0.4016064257028112 , -0.10440147280814478 )
( 0.4056224899598393 , -0.12735299990361743 )
( 0.40963855421686746 , -0.15030277299784528 )
( 0.41365461847389556 , -0.1732382699654128 )
( 0.41767068273092367 , -0.19614696306418117 )
( 0.4216867469879518 , -0.21901632264633025 )
( 0.4257028112449799 , -0.24183382097627265 )
( 0.429718875502008 , -0.26458693614865864 )
( 0.4337349397590361 , -0.28726315608141145 )
( 0.4377510040160642 , -0.3098499825662926 )
( 0.4417670682730923 , -0.33233493534349756 )
( 0.4457831325301204 , -0.3547055561470145 )
( 0.4497991967871485 , -0.37694941266792553 )
( 0.4538152610441767 , -0.39905410233292093 )
( 0.4578313253012048 , -0.4210072557757158 )
( 0.4618473895582329 , -0.4427965398120892 )
( 0.465863453815261 , -0.46440965963184533 )
( 0.4698795180722891 , -0.485834359795858 )
( 0.4738955823293172 , -0.5070584233722235 )
( 0.47791164658634533 , -0.528069668136048 )
( 0.48192771084337344 , -0.5488559379913727 )
( 0.48594377510040154 , -0.5694050862245533 )
( 0.48995983935742965 , -0.5897049436887183 )
( 0.4939759036144578 , -0.6097432556274194 )
( 0.4979919678714859 , -0.6295075366864266 )
( 0.502008032128514 , -0.644821047296197 )
( 0.5060240963855421 , -0.6555828795239956 )
( 0.5100401606425702 , -0.665927941140205 )
( 0.5140562248995983 , -0.6758590238481751 )
( 0.5180722891566265 , -0.6853788349008355 )
( 0.5220883534136546 , -0.6944901309002689 )
( 0.5261044176706827 , -0.7031957729217986 )
( 0.5301204819277108 , -0.7114987520981966 )
( 0.5341365461847389 , -0.7194022013353554 )
( 0.538152610441767 , -0.7269093997224895 )
( 0.5421686746987951 , -0.7340237728035903 )
( 0.5461847389558232 , -0.7407488904167723 )
( 0.5502008032128514 , -0.7470884630719538 )
( 0.5542168674698794 , -0.7530463374511183 )
( 0.5582329317269076 , -0.7586264913996205 )
( 0.5622489959839357 , -0.763833028641161 )
( 0.5662650602409638 , -0.7686701733661067 )
( 0.570281124497992 , -0.7731422648034992 )
( 0.57429718875502 , -0.7772537518323827 )
( 0.5783132530120482 , -0.7810091876869671 )
( 0.5823293172690762 , -0.7844132247785334 )
( 0.5863453815261044 , -0.7874706096543216 )
( 0.5903614457831324 , -0.7901861781049115 )
( 0.5943775100401606 , -0.792564850425378 )
( 0.5983935742971886 , -0.7946116268327126 )
( 0.6024096385542168 , -0.7963315830368148 )
( 0.606425702811245 , -0.7977298659678969 )
( 0.610441767068273 , -0.7988116896521401 )
( 0.6144578313253012 , -0.7995823312329609 )
( 0.6184738955823292 , -0.8000471271343371 )
( 0.6224899598393574 , -0.8002114693584792 )
( 0.6265060240963854 , -0.8000808019171908 )
( 0.6305220883534136 , -0.7996606173852405 )
( 0.6345381526104417 , -0.7989564535765364 )
( 0.6385542168674698 , -0.7979738903330812 )
( 0.642570281124498 , -0.7967185464265463 )
( 0.646586345381526 , -0.7951960765611938 )
( 0.6506024096385542 , -0.7934121684789286 )
( 0.6546184738955823 , -0.7913725401608677 )
( 0.6586345381526104 , -0.7890829371146449 )
( 0.6626506024096385 , -0.7865491297544898 )
( 0.6666666666666666 , -0.7837769108593414 )
( 0.6706827309236947 , -0.7807720931106268 )
( 0.6746987951807228 , -0.7775405067036046 )
( 0.6787148594377509 , -0.7740879970300183 )
( 0.6827309236947791 , -0.7704204224285038 )
( 0.6867469879518072 , -0.7665436519965475 )
( 0.6907630522088353 , -0.7624635634650905 )
( 0.6947791164658634 , -0.7581860411283169 )
( 0.6987951807228915 , -0.753716973829087 )
( 0.7028112449799196 , -0.7490622529950264 )
( 0.7068273092369477 , -0.7442277707224982 )
( 0.7108433734939759 , -0.7392194179061312 )
( 0.7148594377510039 , -0.7340430824127819 )
( 0.7188755020080321 , -0.7287046472938402 )
( 0.7228915662650601 , -0.7232099890362138 )
( 0.7269076305220883 , -0.717564975849487 )
( 0.7309236947791165 , -0.7117754659845301 )
( 0.7349397590361445 , -0.7058473060846374 )
( 0.7389558232931727 , -0.6997863295638795 )
( 0.7429718875502007 , -0.6935983550117086 )
( 0.7469879518072289 , -0.6872891846228282 )
( 0.7510040160642569 , -0.6808646026481217 )
( 0.7550200803212851 , -0.6743303738660624 )
( 0.7590361445783131 , -0.667692242070724 )
( 0.7630522088353413 , -0.6609559285772884 )
( 0.7670682730923694 , -0.6541271307404058 )
( 0.7710843373493975 , -0.647211520482458 )
( 0.7751004016064257 , -0.6402147428363478 )
( 0.7791164658634537 , -0.6331424144893844 )
( 0.7831325301204819 , -0.6260001223383159 )
( 0.78714859437751 , -0.6187934220439567 )
( 0.7911646586345381 , -0.6115278365894758 )
( 0.7951807228915662 , -0.6042088548360471 )
( 0.7991967871485943 , -0.596841930077186 )
( 0.8032128514056224 , -0.5894324785863412 )
( 0.8072289156626505 , -0.5819858781581704 )
( 0.8112449799196786 , -0.5745074666382484 )
( 0.8152610441767068 , -0.5670025404414053 )
( 0.8192771084337349 , -0.5594763530556893 )
( 0.823293172690763 , -0.5519341135270679 )
( 0.8273092369477911 , -0.5443809849248473 )
( 0.8313253012048192 , -0.5368220827826495 )
( 0.8353413654618473 , -0.5292624735141466 )
( 0.8393574297188754 , -0.521707172797746 )
( 0.8433734939759036 , -0.5141611439283137 )
( 0.8473895582329316 , -0.5066292961320971 )
( 0.8514056224899598 , -0.49911648283999943 )
( 0.8554216867469878 , -0.49162749991610666 )
( 0.859437751004016 , -0.48416708383461604 )
( 0.8634538152610441 , -0.4767399098041266 )
( 0.8674698795180722 , -0.4693505898288232 )
( 0.8714859437751004 , -0.46200367070214976 )
( 0.8755020080321284 , -0.4547036319319877 )
( 0.8795180722891566 , -0.4474548835775479 )
( 0.8835341365461846 , -0.44026176400505135 )
( 0.8875502008032128 , -0.4331285375392644 )
( 0.8915662650602408 , -0.4260593920109369 )
( 0.895582329317269 , -0.4190584361817754 )
( 0.899598393574297 , -0.4121296970401442 )
( 0.9036144578313252 , -0.4052771169470066 )
( 0.9076305220883534 , -0.3985045506205918 )
( 0.9116465863453814 , -0.3918157619360918 )
( 0.9156626506024096 , -0.3852144205210992 )
( 0.9196787148594376 , -0.37870409812211386 )
( 0.9236947791164658 , -0.37228826470537046 )
( 0.9277108433734939 , -0.3659702842665223 )
( 0.931726907630522 , -0.3597534102924974 )
( 0.9357429718875501 , -0.35364078084178935 )
( 0.9397590361445782 , -0.3476354131590236 )
( 0.9437751004016064 , -0.341740197768142 )
( 0.9477911646586344 , -0.33595789192648184 )
( 0.9518072289156626 , -0.3302911123353317 )
( 0.9558232931726907 , -0.3247423269349371 )
( 0.9598393574297188 , -0.31931384558319564 )
( 0.9638554216867469 , -0.31400780933361694 )
( 0.967871485943775 , -0.308826177922925 )
( 0.9718875502008031 , -0.3037707149241179 )
( 0.9759036144578312 , -0.29884296972890045 )
( 0.9799196787148593 , -0.29404425508613447 )
( 0.9839357429718875 , -0.289375618060728 )
( 0.9879518072289156 , -0.2848378005652104 )
( 0.9919678714859437 , -0.2804311815858372 )
( 0.9959839357429718 , -0.27615568158032805 )
( 1.0 , -0.27201055544468744 )


Neg dev: 
( 0.0 , 1.4210854715202004e-14 )
( 0.004016064257028112 , 0.03942124651774582 )
( 0.008032128514056224 , 0.07860016038960638 )
( 0.012048192771084336 , 0.11747833798124546 )
( 0.01606425702811245 , 0.1559905298593243 )
( 0.020080321285140562 , 0.1940668556440628 )
( 0.024096385542168672 , 0.23163415460952938 )
( 0.028112449799196783 , 0.2686170108812798 )
( 0.0321285140562249 , 0.3049386186926899 )
( 0.03614457831325301 , 0.34052156297357833 )
( 0.040160642570281124 , 0.3752885559921143 )
( 0.04417670682730923 , 0.4091631505795376 )
( 0.048192771084337345 , 0.4420704218629238 )
( 0.05220883534136546 , 0.47393749304729155 )
( 0.056224899598393566 , 0.5030816429413301 )
( 0.06024096385542168 , 0.5302511284800989 )
( 0.0642570281124498 , 0.5561048797528404 )
( 0.0682730923694779 , 0.5806451571120793 )
( 0.07228915662650602 , 0.6038775903070184 )
( 0.07630522088353413 , 0.6258108779035184 )
( 0.08032128514056225 , 0.64645645594733 )
( 0.08433734939759036 , 0.6658281922654098 )
( 0.08835341365461846 , 0.6839421132835332 )
( 0.09236947791164658 , 0.7008161606199244 )
( 0.09638554216867469 , 0.7164699730917419 )
( 0.1004016064257028 , 0.7309246899463168 )
( 0.10441767068273092 , 0.7442027717242325 )
( 0.10843373493975902 , 0.7563278357693378 )
( 0.11244979919678713 , 0.7673245039060259 )
( 0.11646586345381525 , 0.7772182601897463 )
( 0.12048192771084336 , 0.7860353169967603 )
( 0.12449799196787148 , 0.7938024878948018 )
( 0.1285140562248996 , 0.8005470659453524 )
( 0.1325301204819277 , 0.8062967061876264 )
( 0.1365461847389558 , 0.8110793111049059 )
( 0.14056224899598393 , 0.8149229178921564 )
( 0.14457831325301204 , 0.8178555862729925 )
( 0.14859437751004015 , 0.8199052854943387 )
( 0.15261044176706826 , 0.8210997788950466 )
( 0.15662650602409636 , 0.8214665040606155 )
( 0.1606425702811245 , 0.821032445981551 )
( 0.1646586345381526 , 0.8198239996330582 )
( 0.1686746987951807 , 0.8178668167096084 )
( 0.17269076305220882 , 0.8151856282540616 )
( 0.17670682730923692 , 0.8118040290122726 )
( 0.18072289156626503 , 0.8077441964031492 )
( 0.18473895582329317 , 0.8030264825372401 )
( 0.18875502008032127 , 0.7976686857193961 )
( 0.19277108433734938 , 0.7883284384952025 )
( 0.1967871485943775 , 0.7772593654863204 )
( 0.2008032128514056 , 0.7654387231660412 )
( 0.20481927710843373 , 0.7528986776877848 )
( 0.20883534136546184 , 0.7396698126787312 )
( 0.21285140562248994 , 0.7257815256111152 )
( 0.21686746987951805 , 0.7112622544644795 )
( 0.22088353413654616 , 0.6961396257676773 )
( 0.22489959839357426 , 0.6804405590428869 )
( 0.2289156626506024 , 0.6641913443662335 )
( 0.2329317269076305 , 0.647417702116724 )
( 0.2369477911646586 , 0.6301448302880095 )
( 0.24096385542168672 , 0.6123974427614689 )
( 0.24497991967871482 , 0.5941998007984588 )
( 0.24899598393574296 , 0.5755757393091016 )
( 0.25301204819277107 , 0.556548689010916 )
( 0.2570281124497992 , 0.5371416952856354 )
( 0.2610441767068273 , 0.5173774343546008 )
( 0.2650602409638554 , 0.49727822722793596 )
( 0.2690763052208835 , 0.4768660517974343 )
( 0.2730923694779116 , 0.45616255335437106 )
( 0.2771084337349397 , 0.43518905376208794 )
( 0.28112449799196787 , 0.4139665594669187 )
( 0.285140562248996 , 0.39251576849730896 )
( 0.2891566265060241 , 0.3708570765740421 )
( 0.2931726907630522 , 0.34901058243670785 )
( 0.2971887550200803 , 0.3269960924681245 )
( 0.3012048192771084 , 0.30483312468937696 )
( 0.3052208835341365 , 0.2825409121882523 )
( 0.3092369477911646 , 0.2601384060288459 )
( 0.3132530120481927 , 0.2376442776874942 )
( 0.31726907630522083 , 0.21507692105096732 )
( 0.321285140562249 , 0.19245445400790454 )
( 0.3253012048192771 , 0.16979471966064624 )
( 0.3293172690763052 , 0.14711528717947886 )
( 0.3333333333333333 , 0.12443345231721951 )
( 0.3373493975903614 , 0.1017662375992289 )
( 0.34136546184738953 , 0.07913039220384682 )
( 0.34538152610441764 , 0.0565423915401721 )
( 0.34939759036144574 , 0.03401843653298707 )
( 0.35341365461847385 , 0.011574452618217004 )
( 0.35742971887550196 , -0.01077391154453608 )
( 0.36144578313253006 , -0.03301128564490398 )
( 0.3654618473895582 , -0.055122579578998424 )
( 0.36947791164658633 , -0.07709298559352962 )
( 0.37349397590361444 , -0.09890798072005079 )
( 0.37751004016064255 , -0.12055332951061574 )
( 0.38152610441767065 , -0.14201508708046412 )
( 0.38554216867469876 , -0.1632796024675277 )
( 0.38955823293172687 , -0.18433352232746725 )
( 0.393574297188755 , -0.2051637949788657 )
( 0.3975903614457831 , -0.22575767481620604 )
( 0.4016064257028112 , -0.24610272711888564 )
( 0.4056224899598393 , -0.26618683328408504 )
( 0.40963855421686746 , -0.2859981965097677 )
( 0.41365461847389556 , -0.30552534797864117 )
( 0.41767068273092367 , -0.3247571535789138 )
( 0.4216867469879518 , -0.34368282122187094 )
( 0.4257028112449799 , -0.3622919088185153 )
( 0.429718875502008 , -0.38057433299737115 )
( 0.4337349397590361 , -0.39852037865152273 )
( 0.4377510040160642 , -0.4161207094332853 )
( 0.4417670682730923 , -0.4333663793369015 )
( 0.4457831325301204 , -0.45024884553661626 )
( 0.4497991967871485 , -0.46675998270760105 )
( 0.4538152610441767 , -0.4828920991006006 )
( 0.4578313253012048 , -0.4986379547355611 )
( 0.4618473895582329 , -0.5139907821944729 )
( 0.465863453815261 , -0.5289443106537798 )
( 0.4698795180722891 , -0.5434927940740423 )
( 0.4738955823293172 , -0.5576310448429689 )
( 0.47791164658634533 , -0.5713544748457836 )
( 0.48192771084337344 , -0.5846591470923568 )
( 0.48594377510040154 , -0.5975418432502934 )
( 0.48995983935742965 , -0.6100001571731017 )
( 0.4939759036144578 , -0.622032636534444 )
( 0.4979919678714859 , -0.63363903565581 )
( 0.502008032128514 , -0.6489845194826462 )
( 0.5060240963855421 , -0.6681599352970072 )
( 0.5100401606425702 , -0.6870218280884106 )
( 0.5140562248995983 , -0.7055600136328629 )
( 0.5180722891566265 , -0.7237653653873749 )
( 0.5220883534136546 , -0.7416295717185704 )
( 0.5261044176706827 , -0.7591450011801051 )
( 0.5301204819277108 , -0.7763046140685337 )
( 0.5341365461847389 , -0.7931018987588352 )
( 0.538152610441767 , -0.809530823081713 )
( 0.5421686746987951 , -0.8255857955914847 )
( 0.5461847389558232 , -0.841261633748668 )
( 0.5502008032128514 , -0.8565535371411032 )
( 0.5542168674698794 , -0.8714570645110686 )
( 0.5582329317269076 , -0.8859681137395695 )
( 0.5622489959839357 , -0.900082904180207 )
( 0.5662650602409638 , -0.9137979608932171 )
( 0.570281124497992 , -0.927110100452535 )
( 0.57429718875502 , -0.9400164180587968 )
( 0.5783132530120482 , -0.9525142757654612 )
( 0.5823293172690762 , -0.9646012916519302 )
( 0.5863453815261044 , -0.9762753298174678 )
( 0.5903614457831324 , -0.987534491090563 )
( 0.5943775100401606 , -0.9983771043672794 )
( 0.5983935742971886 , -1.008801718506212 )
( 0.6024096385542168 , -1.0188070947169787 )
( 0.606425702811245 , -1.0283921993964906 )
( 0.610441767068273 , -1.037556197363685 )
( 0.6144578313253012 , -1.046298445456608 )
( 0.6184738955823292 , -1.0546184864605381 )
( 0.6224899598393574 , -1.062516043335429 )
( 0.6265060240963854 , -1.0699910137234516 )
( 0.6305220883534136 , -1.0770434647066502 )
( 0.6345381526104417 , -1.0836736278027248 )
( 0.6385542168674698 , -1.0898818941759898 )
( 0.642570281124498 , -1.0956688100536105 )
( 0.646586345381526 , -1.1010350723261302 )
( 0.6506024096385542 , -1.1059815243263618 )
( 0.6546184738955823 , -1.1105091517737802 )
( 0.6586345381526104 , -1.1146190788680004 )
( 0.6626506024096385 , -1.1183125645337109 )
( 0.6666666666666666 , -1.1215909987973764 )
( 0.6706827309236947 , -1.124455899294518 )
( 0.6746987951807228 , -1.1269089078970012 )
( 0.6787148594377509 , -1.1289517874560362 )
( 0.6827309236947791 , -1.1305864186547976 )
( 0.6867469879518072 , -1.131814796961502 )
( 0.6907630522088353 , -1.1326390296829767 )
( 0.6947791164658634 , -1.133061333109078 )
( 0.6987951807228915 , -1.1330840297469238 )
( 0.7028112449799196 , -1.1327095456390504 )
( 0.7068273092369477 , -1.1319404077609554 )
( 0.7108433734939759 , -1.130779241495386 )
( 0.7148594377510039 , -1.1292287681808235 )
( 0.7188755020080321 , -1.1272918027278944 )
( 0.7228915662650601 , -1.1249712513029733 )
( 0.7269076305220883 , -1.1222701090762512 )
( 0.7309236947791165 , -1.1191914580288798 )
( 0.7349397590361445 , -1.1157384648203226 )
( 0.7389558232931727 , -1.1119143787100951 )
( 0.7429718875502007 , -1.1077225295324595 )
( 0.7469879518072289 , -1.1031663257237756 )
( 0.7510040160642569 , -1.0982492523976288 )
( 0.7550200803212851 , -1.0929748694674477 )
( 0.7590361445783131 , -1.0873468098126624 )
( 0.7630522088353413 , -1.0813687774900194 )
( 0.7670682730923694 , -1.0750445459848805 )
( 0.7710843373493975 , -1.0683779565005547 )
( 0.7751004016064257 , -1.0613729162904249 )
( 0.7791164658634537 , -1.0540333970197224 )
( 0.7831325301204819 , -1.0463634331680776 )
( 0.78714859437751 , -1.0383671204612672 )
( 0.7911646586345381 , -1.0300486143376995 )
( 0.7951807228915662 , -1.021412128443485 )
( 0.7991967871485943 , -1.0124619331586937 )
( 0.8032128514056224 , -1.0032023541504649 )
( 0.8072289156626505 , -0.9936377709543447 )
( 0.8112449799196786 , -0.9837726155799269 )
( 0.8152610441767068 , -0.9736113711426123 )
( 0.8192771084337349 , -0.9631585705197917 )
( 0.823293172690763 , -0.9524187950286347 )
( 0.8273092369477911 , -0.9413966731270258 )
( 0.8313253012048192 , -0.9300968791350495 )
( 0.8353413654618473 , -0.918524131978321 )
( 0.8393574297188754 , -0.9066831939502444 )
( 0.8433734939759036 , -0.8945788694939895 )
( 0.8473895582329316 , -0.8822160040040286 )
( 0.8514056224899598 , -0.8695994826455498 )
( 0.8554216867469878 , -0.8567342291932215 )
( 0.859437751004016 , -0.8436252048868099 )
( 0.8634538152610441 , -0.830277407307716 )
( 0.8674698795180722 , -0.816695869271894 )
( 0.8714859437751004 , -0.8028856577410395 )
( 0.8755020080321284 , -0.7888518727586595 )
( 0.8795180722891566 , -0.774599646399254 )
( 0.8835341365461846 , -0.7601341417473358 )
( 0.8875502008032128 , -0.7454605518941941 )
( 0.8915662650602408 , -0.7305840989641627 )
( 0.895582329317269 , -0.7155100331669745 )
( 0.899598393574297 , -0.7002436318851426 )
( 0.9036144578313252 , -0.6847901987947704 )
( 0.9076305220883534 , -0.6691550630304395 )
( 0.9116465863453814 , -0.6533435783960422 )
( 0.9156626506024096 , -0.6373611226324654 )
( 0.9196787148594376 , -0.6212130967536496 )
( 0.9236947791164658 , -0.6049049244564817 )
( 0.9277108433734939 , -0.5884420516308655 )
( 0.931726907630522 , -0.5718299459759927 )
( 0.9357429718875501 , -0.5550740967646672 )
( 0.9397590361445782 , -0.5381800147664981 )
( 0.9437751004016064 , -0.5211532323928099 )
( 0.9477911646586344 , -0.503999304094721 )
( 0.9518072289156626 , -0.48672380710414076 )
( 0.9558232931726907 , -0.4693323425973416 )
( 0.9598393574297188 , -0.45183053741871504 )
( 0.9638554216867469 , -0.434224046541104 )
( 0.967871485943775 , -0.41651855652051417 )
( 0.9718875502008031 , -0.3987197903395504 )
( 0.9759036144578312 , -0.3808335142183753 )
( 0.9799196787148593 , -0.362865547361324 )
( 0.9839357429718875 , -0.3448217762876912 )
( 0.9879518072289156 , -0.3267081768549535 )
( 0.9919678714859437 , -0.30853085055094004 )
( 0.9959839357429718 , -0.2902960920822644 )
( 1.0 , -0.27201055544468744 )


True Fct: 
( 0.0 , 0.0 )
( 0.004016064257028112 , 0.039989248352346615 )
( 0.008032128514056224 , 0.07959562512525956 )
( 0.012048192771084336 , 0.118759814226484 )
( 0.01606425702811245 , 0.15742364273346285 )
( 0.020080321285140562 , 0.1955301602562481 )
( 0.024096385542168672 , 0.2330237159408302 )
( 0.028112449799196783 , 0.26985003301520377 )
( 0.0321285140562249 , 0.30595628078457643 )
( 0.03614457831325301 , 0.3412911439863324 )
( 0.040160642570281124 , 0.3758048894196743 )
( 0.04417670682730923 , 0.4094494297692824 )
( 0.048192771084337345 , 0.4421783845468391 )
( 0.05220883534136546 , 0.473947138078866 )
( 0.056224899598393566 , 0.5047128944740018 )
( 0.06024096385542168 , 0.534434729507598 )
( 0.0642570281124498 , 0.5630736393663371 )
( 0.0682730923694779 , 0.590592586200453 )
( 0.07228915662650602 , 0.6169565404360702 )
( 0.07630522088353413 , 0.642132519805153 )
( 0.08032128514056225 , 0.6660896250555751 )
( 0.08433734939759036 , 0.6887990723088652 )
( 0.08835341365461846 , 0.7102342220382496 )
( 0.09236947791164658 , 0.7303706046447057 )
( 0.09638554216867469 , 0.7491859426138212 )
( 0.1004016064257028 , 0.7666601692413568 )
( 0.10441767068273092 , 0.7827754439204907 )
( 0.10843373493975902 , 0.7975161639887959 )
( 0.11244979919678713 , 0.8108689731380523 )
( 0.11646586345381525 , 0.8228227663950181 )
( 0.12048192771084336 , 0.8333686916862643 )
( 0.12449799196787148 , 0.8425001480051302 )
( 0.1285140562248996 , 0.8502127802037382 )
( 0.1325301204819277 , 0.8565044704378476 )
( 0.1365461847389558 , 0.8613753262970972 )
( 0.14056224899598393 , 0.8648276656578923 )
( 0.14457831325301204 , 0.8668659983008024 )
( 0.14859437751004015 , 0.8674970043388972 )
( 0.15261044176706826 , 0.8667295095078773 )
( 0.15662650602409636 , 0.8645744573732268 )
( 0.1606425702811245 , 0.8610448785138644 )
( 0.1646586345381526 , 0.8561558567459086 )
( 0.1686746987951807 , 0.8499244924542153 )
( 0.17269076305220882 , 0.8423698631032528 )
( 0.17670682730923692 , 0.8335129810026716 )
( 0.18072289156626503 , 0.8233767484065895 )
( 0.18473895582329317 , 0.8119859100291362 )
( 0.18875502008032127 , 0.7993670030621943 )
( 0.19277108433734938 , 0.7855483047845186 )
( 0.1967871485943775 , 0.7705597778545185 )
( 0.2008032128514056 , 0.7544330133819324 )
( 0.20481927710843373 , 0.7372011718764211 )
( 0.20883534136546184 , 0.7188989221737478 )
( 0.21285140562248994 , 0.6995623784426791 )
( 0.21686746987951805 , 0.6792290353780637 )
( 0.22088353413654616 , 0.6579377016876838 )
( 0.22489959839357426 , 0.6357284319824531 )
( 0.2289156626506024 , 0.6126424571813397 )
( 0.2329317269076305 , 0.5887221135440288 )
( 0.2369477911646586 , 0.5640107704457823 )
( 0.24096385542168672 , 0.5385527570102557 )
( 0.24497991967871482 , 0.5123932877171129 )
( 0.24899598393574296 , 0.48557838710222034 )
( 0.25301204819277107 , 0.45815481366893956 )
( 0.2570281124497992 , 0.4301699831296081 )
( 0.2610441767068273 , 0.40167189109668267 )
( 0.2650602409638554 , 0.37270903534322775 )
( 0.2690763052208835 , 0.34333033775246835 )
( 0.2730923694779116 , 0.31358506607596315 )
( 0.2771084337349397 , 0.28352275561964363 )
( 0.28112449799196787 , 0.25319313097645785 )
( 0.285140562248996 , 0.22264602792367835 )
( 0.2891566265060241 , 0.19193131560209004 )
( 0.2931726907630522 , 0.16109881909325793 )
( 0.2971887550200803 , 0.13019824250988213 )
( 0.3012048192771084 , 0.09927909271289634 )
( 0.3052208835341365 , 0.06839060376745752 )
( 0.3092369477911646 , 0.03758166224828595 )
( 0.3132530120481927 , 0.006900733502992771 )
( 0.31726907630522083 , -0.0236042110199549 )
( 0.321285140562249 , -0.05388576527412713 )
( 0.3253012048192771 , -0.08389715884664696 )
( 0.3293172690763052 , -0.11359232581853203 )
( 0.3333333333333333 , -0.1429259721566137 )
( 0.3373493975903614 , -0.1718536415424956 )
( 0.34136546184738953 , -0.20033177954682482 )
( 0.34538152610441764 , -0.22831779606011252 )
( 0.34939759036144574 , -0.255770125894398 )
( 0.35341365461847385 , -0.282648287473237 )
( 0.35742971887550196 , -0.3089129395307918 )
( 0.36144578313253006 , -0.33452593574418793 )
( 0.3654618473895582 , -0.35945037722680345 )
( 0.36947791164658633 , -0.38365066281373644 )
( 0.37349397590361444 , -0.40709253707438003 )
( 0.37751004016064255 , -0.4297431359907705 )
( 0.38152610441767065 , -0.45157103024422485 )
( 0.38554216867469876 , -0.4725462660566642 )
( 0.38955823293172687 , -0.49264040353698896 )
( 0.393574297188755 , -0.5118265524868881 )
( 0.3975903614457831 , -0.530079405624531 )
( 0.4016064257028112 , -0.5473752691887032 )
( 0.4056224899598393 , -0.5636920908900966 )
( 0.40963855421686746 , -0.5790094851806474 )
( 0.41365461847389556 , -0.5933087558160153 )
( 0.41767068273092367 , -0.6065729156905331 )
( 0.4216867469879518 , -0.6187867039281817 )
( 0.4257028112449799 , -0.62993660021739 )
( 0.429718875502008 , -0.6400108363817085 )
( 0.4337349397590361 , -0.6489994051826329 )
( 0.4377510040160642 , -0.6568940663550739 )
( 0.4417670682730923 , -0.6636883498801829 )
( 0.4457831325301204 , -0.669377556504404 )
( 0.4497991967871485 , -0.6739587555177803 )
( 0.4538152610441767 , -0.677430779808638 )
( 0.4578313253012048 , -0.6797942182158425 )
( 0.4618473895582329 , -0.6810514052038262 )
( 0.465863453815261 , -0.681206407889547 )
( 0.4698795180722891 , -0.6802650104544284 )
( 0.4738955823293172 , -0.6782346959781639 )
( 0.47791164658634533 , -0.6751246257350156 )
( 0.48192771084337344 , -0.6709456159969217 )
( 0.48594377510040154 , -0.6657101123913147 )
( 0.48995983935742965 , -0.6594321618650563 )
( 0.4939759036144578 , -0.6521273823093156 )
( 0.4979919678714859 , -0.6438129299035172 )
( 0.502008032128514 , -0.6345074642397084 )
( 0.5060240963855421 , -0.6242311112917903 )
( 0.5100401606425702 , -0.6130054242970588 )
( 0.5140562248995983 , -0.6008533426203657 )
( 0.5180722891566265 , -0.5877991486739839 )
( 0.5220883534136546 , -0.5738684229688821 )
( 0.5261044176706827 , -0.5590879973756272 )
( 0.5301204819277108 , -0.5434859066755209 )
( 0.5341365461847389 , -0.5270913384848019 )
( 0.538152610441767 , -0.5099345816368815 )
( 0.5421686746987951 , -0.49204697310952566 )
( 0.5461847389558232 , -0.47346084358575563 )
( 0.5502008032128514 , -0.45420946173889926 )
( 0.5542168674698794 , -0.43432697733379866 )
( 0.5582329317269076 , -0.41384836323754426 )
( 0.5622489959839357 , -0.392809356434388 )
( 0.5662650602409638 , -0.3712463981405564 )
( 0.570281124497992 , -0.3491965731156551 )
( 0.57429718875502 , -0.32669754826814895 )
( 0.5783132530120482 , -0.30378751065303206 )
( 0.5823293172690762 , -0.2805051049603239 )
( 0.5863453815261044 , -0.2568893705933343 )
( 0.5903614457831324 , -0.2329796784358636 )
( 0.5943775100401606 , -0.20881566740750143 )
( 0.5983935742971886 , -0.18443718090611816 )
( 0.6024096385542168 , -0.15988420323632385 )
( 0.606425702811245 , -0.1351967961223054 )
( 0.610441767068273 , -0.11041503540284749 )
( 0.6144578313253012 , -0.08557894800565309 )
( 0.6184738955823292 , -0.06072844929722234 )
( 0.6224899598393574 , -0.035903280903526 )
( 0.6265060240963854 , -0.01114294909560823 )
( 0.6305220883534136 , 0.013513336167080501 )
( 0.6345381526104417 , 0.03802672144418349 )
( 0.6385542168674698 , 0.06235876918293271 )
( 0.642570281124498 , 0.08647151615944483 )
( 0.646586345381526 , 0.11032753090646696 )
( 0.6506024096385542 , 0.13388997004313705 )
( 0.6546184738955823 , 0.15712263342438185 )
( 0.6586345381526104 , 0.1799900180297676 )
( 0.6626506024096385 , 0.2024573705138785 )
( 0.6666666666666666 , 0.2244907383427315 )
( 0.6706827309236947 , 0.24605701944319963 )
( 0.6746987951807228 , 0.267124010295069 )
( 0.6787148594377509 , 0.287660452398011 )
( 0.6827309236947791 , 0.30763607704859075 )
( 0.6867469879518072 , 0.32702164836527803 )
( 0.6907630522088353 , 0.3457890045024289 )
( 0.6947791164658634 , 0.363911096997234 )
( 0.6987951807228915 , 0.3813620281967416 )
( 0.7028112449799196 , 0.39811708671528545 )
( 0.7068273092369477 , 0.4141527808758576 )
( 0.7108433734939759 , 0.4294468700923113 )
( 0.7148594377510039 , 0.4439783941526182 )
( 0.7188755020080321 , 0.45772770036683386 )
( 0.7228915662650601 , 0.4706764685468603 )
( 0.7269076305220883 , 0.48280773378860176 )
( 0.7309236947791165 , 0.49410590703061485 )
( 0.7349397590361445 , 0.5045567933669132 )
( 0.7389558232931727 , 0.5141476080951489 )
( 0.7429718875502007 , 0.5228669904849665 )
( 0.7469879518072289 , 0.5307050152549362 )
( 0.7510040160642569 , 0.5376532017500425 )
( 0.7550200803212851 , 0.5437045208153188 )
( 0.7590361445783131 , 0.548853399364785 )
( 0.7630522088353413 , 0.5530957226484328 )
( 0.7670682730923694 , 0.5564288342235434 )
( 0.7710843373493975 , 0.5588515336401639 )
( 0.7751004016064257 , 0.5603640718540601 )
( 0.7791164658634537 , 0.5609681443839365 )
( 0.7831325301204819 , 0.5606668822331359 )
( 0.78714859437751 , 0.5594648405994197 )
( 0.7911646586345381 , 0.5573679853997573 )
( 0.7951807228915662 , 0.5543836776403323 )
( 0.7991967871485943 , 0.5505206556651935 )
( 0.8032128514056224 , 0.5457890153201369 )
( 0.8072289156626505 , 0.5402001880714766 )
( 0.8112449799196786 , 0.5337669171223974 )
( 0.8152610441767068 , 0.5265032315724935 )
( 0.8192771084337349 , 0.5184244186689716 )
( 0.823293172690763 , 0.509546994200748 )
( 0.8273092369477911 , 0.49988867108935636 )
( 0.8313253012048192 , 0.48946832623316505 )
( 0.8353413654618473 , 0.4783059656638831 )
( 0.8393574297188754 , 0.46642268807673504 )
( 0.8433734939759036 , 0.453840646797945 )
( 0.8473895582329316 , 0.4405830102553671 )
( 0.8514056224899598 , 0.4266739210201451 )
( 0.8554216867469878 , 0.412138453489255 )
( 0.859437751004016 , 0.39700257028059677 )
( 0.8634538152610441 , 0.38129307741404844 )
( 0.8674698795180722 , 0.3650375783534639 )
( 0.8714859437751004 , 0.3482644269860977 )
( 0.8755020080321284 , 0.33100267961727575 )
( 0.8795180722891566 , 0.3132820460593609 )
( 0.8835341365461846 , 0.295132839895174 )
( 0.8875502008032128 , 0.2765859279969778 )
( 0.8915662650602408 , 0.2576726793829969 )
( 0.895582329317269 , 0.23842491349414308 )
( 0.899598393574297 , 0.21887484797421192 )
( 0.9036144578313252 , 0.1990550460372376 )
( 0.9076305220883534 , 0.17899836350605453 )
( 0.9116465863453814 , 0.1587378956062537 )
( 0.9156626506024096 , 0.13830692359981506 )
( 0.9196787148594376 , 0.1177388613426026 )
( 0.9236947791164658 , 0.09706720184970287 )
( 0.9277108433734939 , 0.07632546395227245 )
( 0.931726907630522 , 0.05554713912905791 )
( 0.9357429718875501 , 0.0347656385952108 )
( 0.9397590361445782 , 0.014014240730253726 )
( 0.9437751004016064 , -0.006673961073750467 )
( 0.9477911646586344 , -0.027266110063757718 )
( 0.9518072289156626 , -0.04772963719804558 )
( 0.9558232931726907 , -0.06803231156146036 )
( 0.9598393574297188 , -0.08814229004716712 )
( 0.9638554216867469 , -0.10802816622984385 )
( 0.967871485943775 , -0.1276590183568575 )
( 0.9718875502008031 , -0.14700445638557394 )
( 0.9759036144578312 , -0.16603466799673952 )
( 0.9799196787148593 , -0.1847204635157093 )
( 0.9839357429718875 , -0.20303331967528834 )
( 0.9879518072289156 , -0.22094542215598087 )
( 0.9919678714859437 , -0.23842970684160703 )
( 0.9959839357429718 , -0.2554598997304851 )
( 1.0 , -0.2720105554446849 )


Acquisition fct: 
( 0.0 , 1.4210854715202004e-14 )
( 0.004016064257028112 , 0.041968531503895415 )
( 0.008032128514056224 , 0.0832573120608393 )
( 0.012048192771084336 , 0.12380043178625964 )
( 0.01606425702811245 , 0.1635323435828778 )
( 0.020080321285140562 , 0.20238810989164374 )
( 0.024096385542168672 , 0.24030394272309885 )
( 0.028112449799196783 , 0.27721782029094016 )
( 0.0321285140562249 , 0.3130701544936567 )
( 0.03614457831325301 , 0.3478045219976304 )
( 0.040160642570281124 , 0.38136849429208375 )
( 0.04417670682730923 , 0.41371463555176297 )
( 0.048192771084337345 , 0.4448018159414527 )
( 0.05220883534136546 , 0.47459726021706805 )
( 0.056224899598393566 , 0.5046927168235306 )
( 0.06024096385542168 , 0.5342706179698389 )
( 0.0642570281124498 , 0.5626221855732435 )
( 0.0682730923694779 , 0.5897088944754171 )
( 0.07228915662650602 , 0.615499745009912 )
( 0.07630522088353413 , 0.6399699167374195 )
( 0.08032128514056225 , 0.6630999141873863 )
( 0.08433734939759036 , 0.6848749533823942 )
( 0.08835341365461846 , 0.7052844890886647 )
( 0.09236947791164658 , 0.7243218332855652 )
( 0.09638554216867469 , 0.7419838369810945 )
( 0.1004016064257028 , 0.758270618229413 )
( 0.10441767068273092 , 0.7731853250999592 )
( 0.10843373493975902 , 0.7867339258423864 )
( 0.11244979919678713 , 0.7989250206772727 )
( 0.11646586345381525 , 0.809769671087446 )
( 0.12048192771084336 , 0.8192812434765939 )
( 0.12449799196787148 , 0.8274752647484378 )
( 0.1285140562248996 , 0.8343692878727343 )
( 0.1325301204819277 , 0.8399827658860592 )
( 0.1365461847389558 , 0.8443369330631885 )
( 0.14056224899598393 , 0.8474546922378374 )
( 0.14457831325301204 , 0.8493605074459281 )
( 0.14859437751004015 , 0.850080301254669 )
( 0.15261044176706826 , 0.8496413563325972 )
( 0.15662650602409636 , 0.8480722210381286 )
( 0.1606425702811245 , 0.8454026191256676 )
( 0.1646586345381526 , 0.8416633641473574 )
( 0.1686746987951807 , 0.8368862799570587 )
( 0.17269076305220882 , 0.8311041303286355 )
( 0.17670682730923692 , 0.8243505640211377 )
( 0.18072289156626503 , 0.8166600896685453 )
( 0.18473895582329317 , 0.8080681184059613 )
( 0.18875502008032127 , 0.7986112127388935 )
( 0.19277108433734938 , 0.791683880523083 )
( 0.1967871485943775 , 0.7850811874060593 )
( 0.2008032128514056 , 0.7778716449444839 )
( 0.20481927710843373 , 0.7700669158102864 )
( 0.20883534136546184 , 0.761678743368707 )
( 0.21285140562248994 , 0.7527188207369412 )
( 0.21686746987951805 , 0.7431987504833083 )
( 0.22088353413654616 , 0.733130036583014 )
( 0.22489959839357426 , 0.7225240895586631 )
( 0.2289156626506024 , 0.7113922371217017 )
( 0.2329317269076305 , 0.6997457368510476 )
( 0.2369477911646586 , 0.6875957892658576 )
( 0.24096385542168672 , 0.6749535504894633 )
( 0.24497991967871482 , 0.661830144123 )
( 0.24899598393574296 , 0.6482366721742779 )
( 0.25301204819277107 , 0.6341842249893627 )
( 0.2570281124497992 , 0.6196838902057777 )
( 0.2610441767068273 , 0.6047467607734988 )
( 0.2650602409638554 , 0.5893839421012562 )
( 0.2690763052208835 , 0.5736065583959703 )
( 0.2730923694779116 , 0.5574257582597434 )
( 0.2771084337349397 , 0.5408527196055299 )
( 0.28112449799196787 , 0.5238986539535329 )
( 0.285140562248996 , 0.506574810158233 )
( 0.2891566265060241 , 0.48889247761762367 )
( 0.2931726907630522 , 0.47086298900981366 )
( 0.2971887550200803 , 0.45249772259451904 )
( 0.3012048192771084 , 0.43380810411533277 )
( 0.3052208835341365 , 0.41480560833898517 )
( 0.3092369477911646 , 0.39550176025550343 )
( 0.3132530120481927 , 0.3759081359675552 )
( 0.31726907630522083 , 0.35603636329094884 )
( 0.321285140562249 , 0.3358981220860386 )
( 0.3253012048192771 , 0.31550514433987464 )
( 0.3293172690763052 , 0.29486921401373034 )
( 0.3333333333333333 , 0.27400216667007016 )
( 0.3373493975903614 , 0.25291588889103694 )
( 0.34136546184738953 , 0.2316223175015022 )
( 0.34538152610441764 , 0.21013343860409345 )
( 0.34939759036144574 , 0.18846128643565022 )
( 0.35341365461847385 , 0.16661794205126618 )
( 0.35742971887550196 , 0.14461553184558001 )
( 0.36144578313253006 , 0.12246622591166899 )
( 0.3654618473895582 , 0.10018223624529506 )
( 0.36947791164658633 , 0.07777581479827833 )
( 0.37349397590361444 , 0.055259251385177496 )
( 0.37751004016064255 , 0.03264487144162091 )
( 0.38152610441767065 , 0.009945033640631429 )
( 0.38554216867469876 , -0.012827872631133178 )
( 0.38955823293172687 , -0.0356614299377971 )
( 0.393574297188755 , -0.05854319559907026 )
( 0.3975903614457831 , -0.08146070462814434 )
( 0.4016064257028112 , -0.10440147280813852 )
( 0.4056224899598393 , -0.1273529999036238 )
( 0.40963855421686746 , -0.150302772997842 )
( 0.41365461847389556 , -0.1732382699654128 )
( 0.41767068273092367 , -0.1961469630641846 )
( 0.4216867469879518 , -0.2190163226463338 )
( 0.4257028112449799 , -0.24183382097626896 )
( 0.429718875502008 , -0.26458693614866247 )
( 0.4337349397590361 , -0.28726315608141545 )
( 0.4377510040160642 , -0.3098499825662926 )
( 0.4417670682730923 , -0.332334935343502 )
( 0.4457831325301204 , -0.3547055561470238 )
( 0.4497991967871485 , -0.3769494126679354 )
( 0.4538152610441767 , -0.39905410233292093 )
( 0.4578313253012048 , -0.4210072557757215 )
( 0.4618473895582329 , -0.4427965398120955 )
( 0.465863453815261 , -0.46440965963184533 )
( 0.4698795180722891 , -0.48583435979584255 )
( 0.4738955823293172 , -0.5070584233722147 )
( 0.47791164658634533 , -0.5280696681360275 )
( 0.48192771084337344 , -0.5488559379913602 )
( 0.48594377510040154 , -0.5694050862245533 )
( 0.48995983935742965 , -0.5897049436887403 )
( 0.4939759036144578 , -0.6097432556274194 )
( 0.4979919678714859 , -0.6295075366863191 )
( 0.502008032128514 , -0.6448210472959837 )
( 0.5060240963855421 , -0.655582879523925 )
( 0.5100401606425702 , -0.665927941140205 )
( 0.5140562248995983 , -0.6758590238481901 )
( 0.5180722891566265 , -0.6853788349008586 )
( 0.5220883534136546 , -0.6944901309002595 )
( 0.5261044176706827 , -0.7031957729218143 )
( 0.5301204819277108 , -0.7114987520982103 )
( 0.5341365461847389 , -0.7194022013353554 )
( 0.538152610441767 , -0.7269093997224949 )
( 0.5421686746987951 , -0.7340237728035854 )
( 0.5461847389558232 , -0.7407488904167723 )
( 0.5502008032128514 , -0.7470884630719578 )
( 0.5542168674698794 , -0.753046337451122 )
( 0.5582329317269076 , -0.7586264913996275 )
( 0.5622489959839357 , -0.7638330286411577 )
( 0.5662650602409638 , -0.7686701733661067 )
( 0.570281124497992 , -0.7731422648035021 )
( 0.57429718875502 , -0.7772537518323853 )
( 0.5783132530120482 , -0.7810091876869671 )
( 0.5823293172690762 , -0.7844132247785285 )
( 0.5863453815261044 , -0.7874706096543287 )
( 0.5903614457831324 , -0.7901861781049139 )
( 0.5943775100401606 , -0.7925648504253824 )
( 0.5983935742971886 , -0.7946116268327106 )
( 0.6024096385542168 , -0.7963315830368168 )
( 0.606425702811245 , -0.797729865967895 )
( 0.610441767068273 , -0.7988116896521346 )
( 0.6144578313253012 , -0.7995823312329609 )
( 0.6184738955823292 , -0.8000471271343389 )
( 0.6224899598393574 , -0.8002114693584792 )
( 0.6265060240963854 , -0.8000808019171876 )
( 0.6305220883534136 , -0.7996606173852437 )
( 0.6345381526104417 , -0.7989564535765318 )
( 0.6385542168674698 , -0.7979738903330827 )
( 0.642570281124498 , -0.7967185464265403 )
( 0.646586345381526 , -0.795196076561191 )
( 0.6506024096385542 , -0.7934121684789286 )
( 0.6546184738955823 , -0.7913725401608677 )
( 0.6586345381526104 , -0.7890829371146748 )
( 0.6626506024096385 , -0.7865491297545169 )
( 0.6666666666666666 , -0.7837769108593725 )
( 0.6706827309236947 , -0.7807720931106281 )
( 0.6746987951807228 , -0.7775405067035762 )
( 0.6787148594377509 , -0.7740879970300183 )
( 0.6827309236947791 , -0.7704204224285001 )
( 0.6867469879518072 , -0.7665436519965475 )
( 0.6907630522088353 , -0.7624635634650633 )
( 0.6947791164658634 , -0.7581860411283169 )
( 0.6987951807228915 , -0.7537169738290539 )
( 0.7028112449799196 , -0.7490622529949968 )
( 0.7068273092369477 , -0.7442277707225584 )
( 0.7108433734939759 , -0.7392194179061335 )
( 0.7148594377510039 , -0.734043082412724 )
( 0.7188755020080321 , -0.7287046472938424 )
( 0.7228915662650601 , -0.7232099890362389 )
( 0.7269076305220883 , -0.7175649758495133 )
( 0.7309236947791165 , -0.7117754659845585 )
( 0.7349397590361445 , -0.7058473060846364 )
( 0.7389558232931727 , -0.6997863295638795 )
( 0.7429718875502007 , -0.6935983550117097 )
( 0.7469879518072289 , -0.6872891846228597 )
( 0.7510040160642569 , -0.6808646026480942 )
( 0.7550200803212851 , -0.6743303738660635 )
( 0.7590361445783131 , -0.6676922420707524 )
( 0.7630522088353413 , -0.6609559285772622 )
( 0.7670682730923694 , -0.6541271307403774 )
( 0.7710843373493975 , -0.6472115204824885 )
( 0.7751004016064257 , -0.6402147428363762 )
( 0.7791164658634537 , -0.6331424144893844 )
( 0.7831325301204819 , -0.6260001223383159 )
( 0.78714859437751 , -0.6187934220439872 )
( 0.7911646586345381 , -0.6115278365894463 )
( 0.7951807228915662 , -0.6042088548360482 )
( 0.7991967871485943 , -0.5968419300771576 )
( 0.8032128514056224 , -0.5894324785863739 )
( 0.8072289156626505 , -0.5819858781581977 )
( 0.8112449799196786 , -0.5745074666382188 )
( 0.8152610441767068 , -0.5670025404414031 )
( 0.8192771084337349 , -0.5594763530556598 )
( 0.823293172690763 , -0.5519341135270669 )
( 0.8273092369477911 , -0.5443809849248473 )
( 0.8313253012048192 , -0.536822082782678 )
( 0.8353413654618473 , -0.5292624735141466 )
( 0.8393574297188754 , -0.5217071727977199 )
( 0.8433734939759036 , -0.5141611439283137 )
( 0.8473895582329316 , -0.5066292961320923 )
( 0.8514056224899598 , -0.4991164828399698 )
( 0.8554216867469878 , -0.4916274999161079 )
( 0.859437751004016 , -0.4841670838345864 )
( 0.8634538152610441 , -0.4767399098041266 )
( 0.8674698795180722 , -0.4693505898288194 )
( 0.8714859437751004 , -0.46200367070215365 )
( 0.8755020080321284 , -0.45470363193198904 )
( 0.8795180722891566 , -0.44745488357754926 )
( 0.8835341365461846 , -0.4402617640050783 )
( 0.8875502008032128 , -0.4331285375392957 )
( 0.8915662650602408 , -0.4260593920109056 )
( 0.895582329317269 , -0.4190584361817724 )
( 0.899598393574297 , -0.4121296970401396 )
( 0.9036144578313252 , -0.4052771169470002 )
( 0.9076305220883534 , -0.39850455062059675 )
( 0.9116465863453814 , -0.39181576193609 )
( 0.9156626506024096 , -0.3852144205210992 )
( 0.9196787148594376 , -0.3787040981221102 )
( 0.9236947791164658 , -0.37228826470534393 )
( 0.9277108433734939 , -0.3659702842665223 )
( 0.931726907630522 , -0.3597534102924953 )
( 0.9357429718875501 , -0.35364078084178935 )
( 0.9397590361445782 , -0.34763541315902824 )
( 0.9437751004016064 , -0.3417401977681395 )
( 0.9477911646586344 , -0.33595789192647924 )
( 0.9518072289156626 , -0.3302911123353317 )
( 0.9558232931726907 , -0.3247423269349371 )
( 0.9598393574297188 , -0.31931384558319564 )
( 0.9638554216867469 , -0.3140078093336132 )
( 0.967871485943775 , -0.30882617792293326 )
( 0.9718875502008031 , -0.3037707149241132 )
( 0.9759036144578312 , -0.2988429697288896 )
( 0.9799196787148593 , -0.29404425508615645 )
( 0.9839357429718875 , -0.28937561806073603 )
( 0.9879518072289156 , -0.2848378005652104 )
( 0.9919678714859437 , -0.280431181585853 )
( 0.9959839357429718 , -0.27615568158029663 )
( 1.0 , -0.27201055544468744 )


Observations: 
( 0.0 , 0.0 )
( 0.5 , -0.6392828497754256 )
( 1.0 , -0.2720105554446849 )
( 0.053407304393417204 , 0.4832351049360275 )
( 0.18965073686552517 , 0.7963878940303224 )