Mean vec: 
( 0.0 , 5.684341886080802e-14 )
( 0.004016064257028112 , 0.04033854640911727 )
( 0.008032128514056224 , 0.08028356028788153 )
( 0.012048192771084336 , 0.11978209418350616 )
( 0.01606425702811245 , 0.15877833475337866 )
( 0.020080321285140562 , 0.1972144162701852 )
( 0.024096385542168672 , 0.2350310201304353 )
( 0.028112449799196783 , 0.272167871240498 )
( 0.0321285140562249 , 0.30856417584178075 )
( 0.03614457831325301 , 0.34415902440952095 )
( 0.040160642570281124 , 0.37889177446473354 )
( 0.04417670682730923 , 0.41270242395586365 )
( 0.048192771084337345 , 0.4455319839247238 )
( 0.05220883534136546 , 0.4773228585200968 )
( 0.056224899598393566 , 0.5080192408312882 )
( 0.06024096385542168 , 0.5375675344589297 )
( 0.0642570281124498 , 0.5659168137584913 )
( 0.0682730923694779 , 0.5930193413077234 )
( 0.07228915662650602 , 0.6188311721687683 )
( 0.07630522088353413 , 0.6433128986215593 )
( 0.08032128514056225 , 0.6664306550760273 )
( 0.08433734939759036 , 0.6881578312727186 )
( 0.08835341365461846 , 0.7084781186576379 )
( 0.09236947791164658 , 0.7273847868455618 )
( 0.09638554216867469 , 0.7448778835138796 )
( 0.1004016064257028 , 0.7609628981105061 )
( 0.10441767068273092 , 0.7756499303139321 )
( 0.10843373493975902 , 0.7889530761523531 )
( 0.11244979919678713 , 0.800889939062472 )
( 0.11646586345381525 , 0.8114812218177008 )
( 0.12048192771084336 , 0.8207503745879308 )
( 0.12449799196787148 , 0.8287232837002705 )
( 0.1285140562248996 , 0.8354279907296984 )
( 0.1325301204819277 , 0.8408944345077884 )
( 0.1365461847389558 , 0.8451542104522218 )
( 0.14056224899598393 , 0.8482403427729253 )
( 0.14457831325301204 , 0.85018706579595 )
( 0.14859437751004015 , 0.8510296110444244 )
( 0.15261044176706826 , 0.8508039968132834 )
( 0.15662650602409636 , 0.8495468168241018 )
( 0.1606425702811245 , 0.8472950240157502 )
( 0.1646586345381526 , 0.8440857044977292 )
( 0.1686746987951807 , 0.8399558346653748 )
( 0.17269076305220882 , 0.8349420104947853 )
( 0.17670682730923692 , 0.8290801290762033 )
( 0.18072289156626503 , 0.8224049769698922 )
( 0.18473895582329317 , 0.8149495447586332 )
( 0.18875502008032127 , 0.8067439606522555 )
( 0.19277108433734938 , 0.797815874556818 )
( 0.1967871485943775 , 0.7881913095625919 )
( 0.2008032128514056 , 0.7778950391738988 )
( 0.20481927710843373 , 0.7669508131975533 )
( 0.20883534136546184 , 0.7553815153624157 )
( 0.21285140562248994 , 0.7432092812875055 )
( 0.21686746987951805 , 0.7304555906289636 )
( 0.22088353413654616 , 0.7171413411768981 )
( 0.22489959839357426 , 0.7032869097195942 )
( 0.2289156626506024 , 0.6889122028543113 )
( 0.2329317269076305 , 0.6740366999552805 )
( 0.2369477911646586 , 0.6586794898846335 )
( 0.24096385542168672 , 0.6428593026253395 )
( 0.24497991967871482 , 0.6265945367360075 )
( 0.24899598393574296 , 0.6099032833166973 )
( 0.25301204819277107 , 0.5928033470370622 )
( 0.2570281124497992 , 0.5753122646649729 )
( 0.2610441767068273 , 0.5574473214477109 )
( 0.2650602409638554 , 0.5392255656412033 )
( 0.2690763052208835 , 0.5206638214203849 )
( 0.2730923694779116 , 0.5017787003806973 )
( 0.2771084337349397 , 0.4825866117907083 )
( 0.28112449799196787 , 0.46310377174145856 )
( 0.285140562248996 , 0.443346211315486 )
( 0.2891566265060241 , 0.4233297838752321 )
( 0.2931726907630522 , 0.4030701715630869 )
( 0.2971887550200803 , 0.38258289108671306 )
( 0.3012048192771084 , 0.3618832988604481 )
( 0.3052208835341365 , 0.34098659555499466 )
( 0.3092369477911646 , 0.31990783011085 )
( 0.3132530120481927 , 0.29866190325452635 )
( 0.31726907630522083 , 0.27726357055883 )
( 0.321285140562249 , 0.25572744508241385 )
( 0.3253012048192771 , 0.23406799961000502 )
( 0.3293172690763052 , 0.21229956852857867 )
( 0.3333333333333333 , 0.19043634935511022 )
( 0.3373493975903614 , 0.1684924039377904 )
( 0.34136546184738953 , 0.14648165934656276 )
( 0.34538152610441764 , 0.12441790846813205 )
( 0.34939759036144574 , 0.10231481031658518 )
( 0.35341365461847385 , 0.08018589007079413 )
( 0.35742971887550196 , 0.05804453884746863 )
( 0.36144578313253006 , 0.03590401321494596 )
( 0.3654618473895582 , 0.013777434454368631 )
( 0.36947791164658633 , -0.008322212428652165 )
( 0.37349397590361444 , -0.030382079939244022 )
( 0.37751004016064255 , -0.05238945957643182 )
( 0.38152610441767065 , -0.07433178356211556 )
( 0.38554216867469876 , -0.09619662681942032 )
( 0.38955823293172687 , -0.11797170920632993 )
( 0.393574297188755 , -0.13964489800642355 )
( 0.3975903614457831 , -0.1612042106847582 )
( 0.4016064257028112 , -0.18263781791952738 )
( 0.4056224899598393 , -0.20393404691895967 )
( 0.40963855421686746 , -0.22508138503300756 )
( 0.41365461847389556 , -0.24606848368276246 )
( 0.41767068273092367 , -0.2668841626190215 )
( 0.4216867469879518 , -0.28751741453481827 )
( 0.4257028112449799 , -0.3079574100536604 )
( 0.429718875502008 , -0.32819350312823303 )
( 0.4337349397590361 , -0.34821523687921285 )
( 0.4377510040160642 , -0.368012349917592 )
( 0.4417670682730923 , -0.38757478320033556 )
( 0.4457831325301204 , -0.4068926874731176 )
( 0.4497991967871485 , -0.4259564313806834 )
( 0.4538152610441767 , -0.4447566103166878 )
( 0.4578313253012048 , -0.4632840561351941 )
( 0.4618473895582329 , -0.4815298478489467 )
( 0.465863453815261 , -0.499485323485203 )
( 0.4698795180722891 , -0.5171420933297952 )
( 0.4738955823293172 , -0.5344920548531888 )
( 0.47791164658634533 , -0.5515274097360532 )
( 0.48192771084337344 , -0.5682406835952349 )
( 0.48594377510040154 , -0.5846247493124395 )
( 0.48995983935742965 , -0.6006728554590097 )
( 0.4939759036144578 , -0.6163786625162118 )
( 0.4979919678714859 , -0.6317362927651686 )
( 0.502008032128514 , -0.6467404139144577 )
( 0.5060240963855421 , -0.6613864051444835 )
( 0.5100401606425702 , -0.6756703566095723 )
( 0.5140562248995983 , -0.6895889024036421 )
( 0.5180722891566265 , -0.7031391359341512 )
( 0.5220883534136546 , -0.7163185590337093 )
( 0.5261044176706827 , -0.7291250447353121 )
( 0.5301204819277108 , -0.7415568078386059 )
( 0.5341365461847389 , -0.7536123805582804 )
( 0.538152610441767 , -0.7652905917732511 )
( 0.5421686746987951 , -0.7765905489593479 )
( 0.5461847389558232 , -0.7875116222089957 )
( 0.5502008032128514 , -0.7980534299240105 )
( 0.5542168674698794 , -0.8082158258709597 )
( 0.5582329317269076 , -0.8179988873815489 )
( 0.5622489959839357 , -0.8274029045232254 )
( 0.5662650602409638 , -0.8364283700981332 )
( 0.570281124497992 , -0.8450759703692654 )
( 0.57429718875502 , -0.8533465764184314 )
( 0.5783132530120482 , -0.8612412360685653 )
( 0.5823293172690762 , -0.8687611663035142 )
( 0.5863453815261044 , -0.8759077461406264 )
( 0.5903614457831324 , -0.8826825099045692 )
( 0.5943775100401606 , -0.8890871408714247 )
( 0.5983935742971886 , -0.8951234652462006 )
( 0.6024096385542168 , -0.900793446446869 )
( 0.606425702811245 , -0.9060991796692122 )
( 0.610441767068273 , -0.9110428867110016 )
( 0.6144578313253012 , -0.9156269110366253 )
( 0.6184738955823292 , -0.9198537130604763 )
( 0.6224899598393574 , -0.923725865640705 )
( 0.6265060240963854 , -0.9272460497613935 )
( 0.6305220883534136 , -0.930417050395576 )
( 0.6345381526104417 , -0.9332417525365742 )
( 0.6385542168674698 , -0.9357231373841728 )
( 0.642570281124498 , -0.9378642786808058 )
( 0.646586345381526 , -0.9396683391834983 )
( 0.6506024096385542 , -0.9411385672682258 )
( 0.6546184738955823 , -0.9422782936572531 )
( 0.6586345381526104 , -0.943090928259295 )
( 0.6626506024096385 , -0.9435799571242427 )
( 0.6666666666666666 , -0.9437489394969276 )
( 0.6706827309236947 , -0.9436015049702178 )
( 0.6746987951807228 , -0.9431413507325601 )
( 0.6787148594377509 , -0.9423722389004325 )
( 0.6827309236947791 , -0.9412979939368853 )
( 0.6867469879518072 , -0.9399225001468494 )
( 0.6907630522088353 , -0.9382496992489422 )
( 0.6947791164658634 , -0.9362835880186395 )
( 0.6987951807228915 , -0.9340282159968325 )
( 0.7028112449799196 , -0.9314876832661838 )
( 0.7068273092369477 , -0.9286661382848536 )
( 0.7108433734939759 , -0.9255677757804222 )
( 0.7148594377510039 , -0.9221968346986529 )
( 0.7188755020080321 , -0.9185575962028736 )
( 0.7228915662650601 , -0.9146543817253274 )
( 0.7269076305220883 , -0.9104915510635436 )
( 0.7309236947791165 , -0.906073500521714 )
( 0.7349397590361445 , -0.9014046610954978 )
( 0.7389558232931727 , -0.896489496695267 )
( 0.7429718875502007 , -0.8913325024072378 )
( 0.7469879518072289 , -0.8859382027920191 )
( 0.7510040160642569 , -0.8803111502143679 )
( 0.7550200803212851 , -0.8744559232065114 )
( 0.7590361445783131 , -0.8683771248600749 )
( 0.7630522088353413 , -0.8620793812459482 )
( 0.7670682730923694 , -0.8555673398610537 )
( 0.7710843373493975 , -0.8488456680979652 )
( 0.7751004016064257 , -0.8419190517383726 )
( 0.7791164658634537 , -0.8347921934657734 )
( 0.7831325301204819 , -0.8274698113984158 )
( 0.78714859437751 , -0.8199566376392369 )
( 0.7911646586345381 , -0.8122574168408079 )
( 0.7951807228915662 , -0.804376904784263 )
( 0.7991967871485943 , -0.7963198669718707 )
( 0.8032128514056224 , -0.7880910772286143 )
( 0.8072289156626505 , -0.7796953163135925 )
( 0.8112449799196786 , -0.7711373705385398 )
( 0.8152610441767068 , -0.7624220303910647 )
( 0.8192771084337349 , -0.7535540891639556 )
( 0.823293172690763 , -0.7445383415842031 )
( 0.8273092369477911 , -0.7353795824440255 )
( 0.8313253012048192 , -0.7260826052295499 )
( 0.8353413654618473 , -0.7166522007461538 )
( 0.8393574297188754 , -0.7070931557406368 )
( 0.8433734939759036 , -0.6974102515121103 )
( 0.8473895582329316 , -0.6876082625189923 )
( 0.8514056224899598 , -0.677691954969049 )
( 0.8554216867469878 , -0.6676660854015637 )
( 0.859437751004016 , -0.6575353992479478 )
( 0.8634538152610441 , -0.6473046293798888 )
( 0.8674698795180722 , -0.6369784946317907 )
( 0.8714859437751004 , -0.626561698301856 )
( 0.8755020080321284 , -0.6160589266274457 )
( 0.8795180722891566 , -0.6054748472282796 )
( 0.8835341365461846 , -0.5948141075199231 )
( 0.8875502008032128 , -0.5840813330880366 )
( 0.8915662650602408 , -0.5732811260242556 )
( 0.895582329317269 , -0.5624180632155173 )
( 0.899598393574297 , -0.5514966945866036 )
( 0.9036144578313252 , -0.5405215412864237 )
( 0.9076305220883534 , -0.529497093816218 )
( 0.9116465863453814 , -0.5184278100893067 )
( 0.9156626506024096 , -0.5073181134211211 )
( 0.9196787148594376 , -0.4961723904370672 )
( 0.9236947791164658 , -0.4849949888890279 )
( 0.9277108433734939 , -0.4737902153769653 )
( 0.931726907630522 , -0.4625623329564519 )
( 0.9357429718875501 , -0.45131555862423056 )
( 0.9397590361445782 , -0.44005406066243324 )
( 0.9437751004016064 , -0.4287819558291517 )
( 0.9477911646586344 , -0.41750330636676836 )
( 0.9518072289156626 , -0.4062221168094169 )
( 0.9558232931726907 , -0.39494233055339123 )
( 0.9598393574297188 , -0.3836678261529727 )
( 0.9638554216867469 , -0.3724024132931163 )
( 0.967871485943775 , -0.3611498283776342 )
( 0.9718875502008031 , -0.3499137296465875 )
( 0.9759036144578312 , -0.3386976917146711 )
( 0.9799196787148593 , -0.32750519936915623 )
( 0.9839357429718875 , -0.31633964039558293 )
( 0.9879518072289156 , -0.30520429706520247 )
( 0.9919678714859437 , -0.2941023356599288 )
( 0.9959839357429718 , -0.2830367927970059 )
( 1.0 , -0.27201055544468034 )


Pos dev: 
( 0.0 , 5.684341886080802e-14 )
( 0.004016064257028112 , 0.042103756830248126 )
( 0.008032128514056224 , 0.08361285792113285 )
( 0.012048192771084336 , 0.12447037164581923 )
( 0.01606425702811245 , 0.164619081535261 )
( 0.020080321285140562 , 0.20400156155895788 )
( 0.024096385542168672 , 0.2425604583133959 )
( 0.028112449799196783 , 0.2802388115038663 )
( 0.0321285140562249 , 0.31698038365338066 )
( 0.03614457831325301 , 0.3527299934946506 )
( 0.040160642570281124 , 0.38743385403949804 )
( 0.04417670682730923 , 0.4210399188880177 )
( 0.048192771084337345 , 0.45349824191539356 )
( 0.05220883534136546 , 0.484761357115157 )
( 0.056224899598393566 , 0.5147846877144869 )
( 0.06024096385542168 , 0.5435269974165857 )
( 0.0642570281124498 , 0.5709509031210638 )
( 0.0682730923694779 , 0.5970234807393922 )
( 0.07228915662650602 , 0.6217170214292449 )
( 0.07630522088353413 , 0.6450100595544423 )
( 0.08032128514056225 , 0.6668890102280611 )
( 0.08433734939759036 , 0.6889633901169204 )
( 0.08835341365461846 , 0.7105434216918249 )
( 0.09236947791164658 , 0.7306826305871803 )
( 0.09638554216867469 , 0.7493618967896559 )
( 0.1004016064257028 , 0.7665697799982142 )
( 0.10441767068273092 , 0.7823011807028533 )
( 0.10843373493975902 , 0.7965564773470719 )
( 0.11244979919678713 , 0.8093408942689514 )
( 0.11646586345381525 , 0.8206640037331007 )
( 0.12048192771084336 , 0.8305393143664478 )
( 0.12449799196787148 , 0.8389839191460633 )
( 0.1285140562248996 , 0.8460181864012045 )
( 0.1325301204819277 , 0.8516654829486016 )
( 0.1365461847389558 , 0.8559519218264362 )
( 0.14056224899598393 , 0.8589061292108432 )
( 0.14457831325301204 , 0.8605590265152868 )
( 0.14859437751004015 , 0.8609436247104517 )
( 0.15261044176706826 , 0.8600948287260138 )
( 0.15662650602409636 , 0.8580492506345845 )
( 0.1606425702811245 , 0.8548450313359075 )
( 0.1646586345381526 , 0.850521672163308 )
( 0.1686746987951807 , 0.8451198811987157 )
( 0.17269076305220882 , 0.8386814472138503 )
( 0.17670682730923692 , 0.8312491783228373 )
( 0.18072289156626503 , 0.8228670467123796 )
( 0.18473895582329317 , 0.8163175773164245 )
( 0.18875502008032127 , 0.810048683197664 )
( 0.19277108433734938 , 0.803151147602095 )
( 0.1967871485943775 , 0.7956401078529607 )
( 0.2008032128514056 , 0.7875303653209116 )
( 0.20481927710843373 , 0.778836305593517 )
( 0.20883534136546184 , 0.7695719052626065 )
( 0.21285140562248994 , 0.7597507635032301 )
( 0.21686746987951805 , 0.7493861402023202 )
( 0.22088353413654616 , 0.7384909941776675 )
( 0.22489959839357426 , 0.7270780191118328 )
( 0.2289156626506024 , 0.7151596764032999 )
( 0.2329317269076305 , 0.7027482248037563 )
( 0.2369477911646586 , 0.6898557469738306 )
( 0.24096385542168672 , 0.6764941732018974 )
( 0.24497991967871482 , 0.6626753025660505 )
( 0.24899598393574296 , 0.6484108217988427 )
( 0.25301204819277107 , 0.6337123221139795 )
( 0.2570281124497992 , 0.6185913142186271 )
( 0.2610441767068273 , 0.6030592417098433 )
( 0.2650602409638554 , 0.5871274930390424 )
( 0.2690763052208835 , 0.5708074121914065 )
( 0.2730923694779116 , 0.5541103082288679 )
( 0.2771084337349397 , 0.5370474638052773 )
( 0.28112449799196787 , 0.5196301427639108 )
( 0.285140562248996 , 0.5018695969110872 )
( 0.2891566265060241 , 0.48377707204171727 )
( 0.2931726907630522 , 0.46536381329202614 )
( 0.2971887550200803 , 0.44664106987871105 )
( 0.3012048192771084 , 0.4276200992843879 )
( 0.3052208835341365 , 0.4083121709320081 )
( 0.3092369477911646 , 0.3887285693972689 )
( 0.3132530120481927 , 0.36888059719186833 )
( 0.31726907630522083 , 0.3487795771551594 )
( 0.321285140562249 , 0.328436854485755 )
( 0.3253012048192771 , 0.30786379843136813 )
( 0.3293172690763052 , 0.2870718036715925 )
( 0.3333333333333333 , 0.2660722914069079 )
( 0.3373493975903614 , 0.2448767101758797 )
( 0.34136546184738953 , 0.22349653641606584 )
( 0.34538152610441764 , 0.20194327478414867 )
( 0.34939759036144574 , 0.18022845824721717 )
( 0.35341365461847385 , 0.15836364795788838 )
( 0.35742971887550196 , 0.13636043292389635 )
( 0.36144578313253006 , 0.11423042947944885 )
( 0.3654618473895582 , 0.09198528056783845 )
( 0.36947791164658633 , 0.06963665484187925 )
( 0.37349397590361444 , 0.04719624558914008 )
( 0.37751004016064255 , 0.02467576948513936 )
( 0.38152610441767065 , 0.0020869651831613018 )
( 0.38554216867469876 , -0.020558408256722227 )
( 0.38955823293172687 , -0.04324857309753813 )
( 0.393574297188755 , -0.06597173480666658 )
( 0.3975903614457831 , -0.08871608408536119 )
( 0.4016064257028112 , -0.11146979904540011 )
( 0.4056224899598393 , -0.1342210475262728 )
( 0.40963855421686746 , -0.1569579895454986 )
( 0.41365461847389556 , -0.1796687798835147 )
( 0.41767068273092367 , -0.20234157078929926 )
( 0.4216867469879518 , -0.22496451480120305 )
( 0.4257028112449799 , -0.24752576766747814 )
( 0.429718875502008 , -0.27001349135684705 )
( 0.4337349397590361 , -0.2924158571326721 )
( 0.4377510040160642 , -0.31472104866570516 )
( 0.4417670682730923 , -0.3369172651486247 )
( 0.4457831325301204 , -0.35899272435618035 )
( 0.4497991967871485 , -0.38093566559112774 )
( 0.4538152610441767 , -0.4027343524012814 )
( 0.4578313253012048 , -0.42437707494696786 )
( 0.4618473895582329 , -0.44585215180863397 )
( 0.465863453815261 , -0.4671479309434815 )
( 0.4698795180722891 , -0.48825278935718247 )
( 0.4738955823293172 , -0.5091551308048172 )
( 0.47791164658634533 , -0.5298433804161128 )
( 0.48192771084337344 , -0.5503059743634262 )
( 0.48594377510040154 , -0.5705313411104456 )
( 0.48995983935742965 , -0.5905078672522962 )
( 0.4939759036144578 , -0.6102238314718069 )
( 0.4979919678714859 , -0.6296672557979409 )
( 0.502008032128514 , -0.6446554792787098 )
( 0.5060240963855421 , -0.6550885375510613 )
( 0.5100401606425702 , -0.6651082584448214 )
( 0.5140562248995983 , -0.6747177480201925 )
( 0.5180722891566265 , -0.6839200021388118 )
( 0.5220883534136546 , -0.6927180434719981 )
( 0.5261044176706827 , -0.7011149789808463 )
( 0.5301204819277108 , -0.7091140273519477 )
( 0.5341365461847389 , -0.7167185322315796 )
( 0.538152610441767 , -0.7239319679109789 )
( 0.5421686746987951 , -0.730757940697307 )
( 0.5461847389558232 , -0.7372001877091621 )
( 0.5502008032128514 , -0.7432625741037625 )
( 0.5542168674698794 , -0.7489490893314656 )
( 0.5582329317269076 , -0.7542638428071857 )
( 0.5622489959839357 , -0.7592110592430665 )
( 0.5662650602409638 , -0.7637950737995618 )
( 0.570281124497992 , -0.768020327171443 )
( 0.57429718875502 , -0.7718913606750297 )
( 0.5783132530120482 , -0.7754128113917265 )
( 0.5823293172690762 , -0.7785894073958505 )
( 0.5863453815261044 , -0.781425963094592 )
( 0.5903614457831324 , -0.7839273746870927 )
( 0.5943775100401606 , -0.7860986157574479 )
( 0.5983935742971886 , -0.7879447330018438 )
( 0.6024096385542168 , -0.789470842092927 )
( 0.606425702811245 , -0.790682123680531 )
( 0.610441767068273 , -0.7915838195270803 )
( 0.6144578313253012 , -0.7921812287755613 )
( 0.6184738955823292 , -0.7924797043428505 )
( 0.6224899598393574 , -0.7924846494407716 )
( 0.6265060240963854 , -0.7922015142136832 )
( 0.6305220883534136 , -0.7916357924924874 )
( 0.6345381526104417 , -0.7907930186602012 )
( 0.6385542168674698 , -0.7896787646214836 )
( 0.642570281124498 , -0.7882986368760315 )
( 0.646586345381526 , -0.7866582736867432 )
( 0.6506024096385542 , -0.784763342342285 )
( 0.6546184738955823 , -0.7826195365087235 )
( 0.6586345381526104 , -0.7802325736622208 )
( 0.6626506024096385 , -0.7776081926074248 )
( 0.6666666666666666 , -0.7747521510680955 )
( 0.6706827309236947 , -0.7716702233520198 )
( 0.6746987951807228 , -0.7683681980870695 )
( 0.6787148594377509 , -0.7648518760203601 )
( 0.6827309236947791 , -0.7611270678826414 )
( 0.6867469879518072 , -0.7571995923101716 )
( 0.6907630522088353 , -0.7530752738243209 )
( 0.6947791164658634 , -0.7487599408647951 )
( 0.6987951807228915 , -0.7442594238714142 )
( 0.7028112449799196 , -0.739579553417026 )
( 0.7068273092369477 , -0.7347261583822393 )
( 0.7108433734939759 , -0.7297050641748515 )
( 0.7148594377510039 , -0.7245220909892984 )
( 0.7188755020080321 , -0.7191830521021422 )
( 0.7228915662650601 , -0.7136937522051627 )
( 0.7269076305220883 , -0.7080599857696114 )
( 0.7309236947791165 , -0.7022875354416052 )
( 0.7349397590361445 , -0.6963821704672251 )
( 0.7389558232931727 , -0.6903496451425947 )
( 0.7429718875502007 , -0.6841956972884297 )
( 0.7469879518072289 , -0.6779260467484998 )
( 0.7510040160642569 , -0.671546393905969 )
( 0.7550200803212851 , -0.665062418219792 )
( 0.7590361445783131 , -0.6584797767763624 )
( 0.7630522088353413 , -0.651804102855344 )
( 0.7670682730923694 , -0.6450410045087999 )
( 0.7710843373493975 , -0.6381960631492046 )
( 0.7751004016064257 , -0.6312748321472709 )
( 0.7791164658634537 , -0.6242828354346254 )
( 0.7831325301204819 , -0.6172255661121313 )
( 0.78714859437751 , -0.6101084850602869 )
( 0.7911646586345381 , -0.6029370195492395 )
( 0.7951807228915662 , -0.5957165618471949 )
( 0.7991967871485943 , -0.5884524678261701 )
( 0.8032128514056224 , -0.5811500555600801 )
( 0.8072289156626505 , -0.5738146039153689 )
( 0.8112449799196786 , -0.5664513511308286 )
( 0.8152610441767068 , -0.5590654933834847 )
( 0.8192771084337349 , -0.5516621833411408 )
( 0.823293172690763 , -0.5442465286941532 )
( 0.8273092369477911 , -0.5368235906682172 )
( 0.8313253012048192 , -0.5293983825121127 )
( 0.8353413654618473 , -0.5219758679587684 )
( 0.8393574297188754 , -0.5145609596580484 )
( 0.8433734939759036 , -0.5071585175720661 )
( 0.8473895582329316 , -0.4997733473383427 )
( 0.8514056224899598 , -0.49241019858636137 )
( 0.8554216867469878 , -0.48507376321408824 )
( 0.859437751004016 , -0.4777686736088969 )
( 0.8634538152610441 , -0.47049950081915515 )
( 0.8674698795180722 , -0.46327075266038553 )
( 0.8714859437751004 , -0.45608687175724993 )
( 0.8755020080321284 , -0.4489522335131293 )
( 0.8795180722891566 , -0.4418711439967618 )
( 0.8835341365461846 , -0.4348478377438705 )
( 0.8875502008032128 , -0.42788647545841474 )
( 0.8915662650602408 , -0.42099114160879986 )
( 0.895582329317269 , -0.4141658419032854 )
( 0.899598393574297 , -0.4074145006364048 )
( 0.9036144578313252 , -0.4007409578876364 )
( 0.9076305220883534 , -0.3941489665593074 )
( 0.9116465863453814 , -0.38764218923056776 )
( 0.9156626506024096 , -0.38122419481118175 )
( 0.9196787148594376 , -0.3748984549644622 )
( 0.9236947791164658 , -0.36866834026923223 )
( 0.9277108433734939 , -0.36253711609106704 )
( 0.931726907630522 , -0.35650793811263726 )
( 0.9357429718875501 , -0.350583847477288 )
( 0.9397590361445782 , -0.3447677654789715 )
( 0.9437751004016064 , -0.33906248772710146 )
( 0.9477911646586344 , -0.3334706776829924 )
( 0.9518072289156626 , -0.32799485945241647 )
( 0.9558232931726907 , -0.322637409672001 )
( 0.9598393574297188 , -0.3174005482829867 )
( 0.9638554216867469 , -0.31228632791333155 )
( 0.967871485943775 , -0.307296621483011 )
( 0.9718875502008031 , -0.30243310747728147 )
( 0.9759036144578312 , -0.2976972520720515 )
( 0.9799196787148593 , -0.2930902868295194 )
( 0.9839357429718875 , -0.2886131798402952 )
( 0.9879518072289156 , -0.28426659646860475 )
( 0.9919678714859437 , -0.28005084184955215 )
( 0.9959839357429718 , -0.2759657656280194 )
( 1.0 , -0.27201055544468034 )


Neg dev: 
( 0.0 , 5.684341886080802e-14 )
( 0.004016064257028112 , 0.038573335987986415 )
( 0.008032128514056224 , 0.0769542626546302 )
( 0.012048192771084336 , 0.11509381672119309 )
( 0.01606425702811245 , 0.1529375879714963 )
( 0.020080321285140562 , 0.19042727098141254 )
( 0.024096385542168672 , 0.22750158194747472 )
( 0.028112449799196783 , 0.2640969309771297 )
( 0.0321285140562249 , 0.30014796803018085 )
( 0.03614457831325301 , 0.3355880553243913 )
( 0.040160642570281124 , 0.37034969488996905 )
( 0.04417670682730923 , 0.40436492902370963 )
( 0.048192771084337345 , 0.4375657259340541 )
( 0.05220883534136546 , 0.46988435992503663 )
( 0.056224899598393566 , 0.5012537939480896 )
( 0.06024096385542168 , 0.5316080715012736 )
( 0.0642570281124498 , 0.5608827243959189 )
( 0.0682730923694779 , 0.5890152018760546 )
( 0.07228915662650602 , 0.6159453229082916 )
( 0.07630522088353413 , 0.6416157376886762 )
( 0.08032128514056225 , 0.6659722999239934 )
( 0.08433734939759036 , 0.6873522724285167 )
( 0.08835341365461846 , 0.7064128156234508 )
( 0.09236947791164658 , 0.7240869431039434 )
( 0.09638554216867469 , 0.7403938702381033 )
( 0.1004016064257028 , 0.755356016222798 )
( 0.10441767068273092 , 0.768998679925011 )
( 0.10843373493975902 , 0.7813496749576343 )
( 0.11244979919678713 , 0.7924389838559925 )
( 0.11646586345381525 , 0.8022984399023009 )
( 0.12048192771084336 , 0.8109614348094137 )
( 0.12449799196787148 , 0.8184626482544777 )
( 0.1285140562248996 , 0.8248377950581923 )
( 0.1325301204819277 , 0.8301233860669753 )
( 0.1365461847389558 , 0.8343564990780075 )
( 0.14056224899598393 , 0.8375745563350073 )
( 0.14457831325301204 , 0.8398151050766133 )
( 0.14859437751004015 , 0.8411155973783971 )
( 0.15261044176706826 , 0.8415131649005531 )
( 0.15662650602409636 , 0.8410443830136192 )
( 0.1606425702811245 , 0.8397450166955929 )
( 0.1646586345381526 , 0.8376497368321505 )
( 0.1686746987951807 , 0.8347917881320339 )
( 0.17269076305220882 , 0.8312025737757204 )
( 0.17670682730923692 , 0.8269110798295694 )
( 0.18072289156626503 , 0.8219429072274048 )
( 0.18473895582329317 , 0.813581512200842 )
( 0.18875502008032127 , 0.803439238106847 )
( 0.19277108433734938 , 0.792480601511541 )
( 0.1967871485943775 , 0.780742511272223 )
( 0.2008032128514056 , 0.768259713026886 )
( 0.20481927710843373 , 0.7550653208015896 )
( 0.20883534136546184 , 0.7411911254622249 )
( 0.21285140562248994 , 0.7266677990717809 )
( 0.21686746987951805 , 0.711525041055607 )
( 0.22088353413654616 , 0.6957916881761287 )
( 0.22489959839357426 , 0.6794958003273556 )
( 0.2289156626506024 , 0.6626647293053227 )
( 0.2329317269076305 , 0.6453251751068046 )
( 0.2369477911646586 , 0.6275032327954365 )
( 0.24096385542168672 , 0.6092244320487816 )
( 0.24497991967871482 , 0.5905137709059646 )
( 0.24899598393574296 , 0.5713957448345519 )
( 0.25301204819277107 , 0.5518943719601448 )
( 0.2570281124497992 , 0.5320332151113186 )
( 0.2610441767068273 , 0.5118354011855786 )
( 0.2650602409638554 , 0.49132363824336417 )
( 0.2690763052208835 , 0.4705202306493633 )
( 0.2730923694779116 , 0.4494470925325267 )
( 0.2771084337349397 , 0.42812575977613926 )
( 0.28112449799196787 , 0.4065774007190062 )
( 0.285140562248996 , 0.3848228257198848 )
( 0.2891566265060241 , 0.362882495708747 )
( 0.2931726907630522 , 0.34077652983414763 )
( 0.2971887550200803 , 0.3185247122947151 )
( 0.3012048192771084 , 0.29614649843650837 )
( 0.3052208835341365 , 0.2736610201779812 )
( 0.3092369477911646 , 0.2510870908244311 )
( 0.3132530120481927 , 0.22844320931718437 )
( 0.31726907630522083 , 0.20574756396250057 )
( 0.321285140562249 , 0.18301803567907274 )
( 0.3253012048192771 , 0.16027220078864193 )
( 0.3293172690763052 , 0.13752733338556483 )
( 0.3333333333333333 , 0.11480040730331252 )
( 0.3373493975903614 , 0.09210809769970113 )
( 0.34136546184738953 , 0.06946678227705969 )
( 0.34538152610441764 , 0.04689254215211544 )
( 0.34939759036144574 , 0.024401162385953204 )
( 0.35341365461847385 , 0.0020081321836998844 )
( 0.35742971887550196 , -0.020271355228959093 )
( 0.36144578313253006 , -0.042422403049556925 )
( 0.3654618473895582 , -0.06443041165910118 )
( 0.36947791164658633 , -0.08628107969918358 )
( 0.37349397590361444 , -0.10796040546762813 )
( 0.37751004016064255 , -0.129454688638003 )
( 0.38152610441767065 , -0.15075053230739244 )
( 0.38554216867469876 , -0.1718348453821184 )
( 0.38955823293172687 , -0.19269484531512174 )
( 0.393574297188755 , -0.21331806120618052 )
( 0.3975903614457831 , -0.23369233728415523 )
( 0.4016064257028112 , -0.25380583679365465 )
( 0.4056224899598393 , -0.2736470463116465 )
( 0.40963855421686746 , -0.2932047805205165 )
( 0.41365461847389556 , -0.3124681874820102 )
( 0.41767068273092367 , -0.3314267544487437 )
( 0.4216867469879518 , -0.3500703142684335 )
( 0.4257028112449799 , -0.36838905243984266 )
( 0.429718875502008 , -0.386373514899619 )
( 0.4337349397590361 , -0.4040146166257536 )
( 0.4377510040160642 , -0.4213036511694789 )
( 0.4417670682730923 , -0.43823230125204643 )
( 0.4457831325301204 , -0.4547926505900548 )
( 0.4497991967871485 , -0.47097719717023906 )
( 0.4538152610441767 , -0.48677886823209415 )
( 0.4578313253012048 , -0.5021910373234203 )
( 0.4618473895582329 , -0.5172075438892595 )
( 0.465863453815261 , -0.5318227160269245 )
( 0.4698795180722891 , -0.5460313973024079 )
( 0.4738955823293172 , -0.5598289789015605 )
( 0.47791164658634533 , -0.5732114390559936 )
( 0.48192771084337344 , -0.5861753928270437 )
( 0.48594377510040154 , -0.5987181575144334 )
( 0.48995983935742965 , -0.6108378436657232 )
( 0.4939759036144578 , -0.6225334935606166 )
( 0.4979919678714859 , -0.6338053297323963 )
( 0.502008032128514 , -0.6488253485502056 )
( 0.5060240963855421 , -0.6676842727379058 )
( 0.5100401606425702 , -0.6862324547743233 )
( 0.5140562248995983 , -0.7044600567870918 )
( 0.5180722891566265 , -0.7223582697294907 )
( 0.5220883534136546 , -0.7399190745954206 )
( 0.5261044176706827 , -0.757135110489778 )
( 0.5301204819277108 , -0.773999588325264 )
( 0.5341365461847389 , -0.7905062288849812 )
( 0.538152610441767 , -0.8066492156355233 )
( 0.5421686746987951 , -0.8224231572213887 )
( 0.5461847389558232 , -0.8378230567088294 )
( 0.5502008032128514 , -0.8528442857442585 )
( 0.5542168674698794 , -0.8674825624104539 )
( 0.5582329317269076 , -0.8817339319559121 )
( 0.5622489959839357 , -0.8955947498033843 )
( 0.5662650602409638 , -0.9090616663967046 )
( 0.570281124497992 , -0.9221316135670878 )
( 0.57429718875502 , -0.934801792161833 )
( 0.5783132530120482 , -0.9470696607454041 )
( 0.5823293172690762 , -0.9589329252111779 )
( 0.5863453815261044 , -0.9703895291866608 )
( 0.5903614457831324 , -0.9814376451220457 )
( 0.5943775100401606 , -0.9920756659854015 )
( 0.5983935742971886 , -1.0023021974905573 )
( 0.6024096385542168 , -1.0121160508008111 )
( 0.606425702811245 , -1.0215162356578933 )
( 0.610441767068273 , -1.030501953894923 )
( 0.6144578313253012 , -1.0390725932976892 )
( 0.6184738955823292 , -1.047227721778102 )
( 0.6224899598393574 , -1.0549670818406385 )
( 0.6265060240963854 , -1.0622905853091038 )
( 0.6305220883534136 , -1.0691983082986645 )
( 0.6345381526104417 , -1.075690486412947 )
( 0.6385542168674698 , -1.081767510146862 )
( 0.642570281124498 , -1.0874299204855802 )
( 0.646586345381526 , -1.0926784046802536 )
( 0.6506024096385542 , -1.0975137921941664 )
( 0.6546184738955823 , -1.1019370508057829 )
( 0.6586345381526104 , -1.1059492828563693 )
( 0.6626506024096385 , -1.1095517216410606 )
( 0.6666666666666666 , -1.1127457279257598 )
( 0.6706827309236947 , -1.1155327865884157 )
( 0.6746987951807228 , -1.1179145033780509 )
( 0.6787148594377509 , -1.1198926017805049 )
( 0.6827309236947791 , -1.1214689199911292 )
( 0.6867469879518072 , -1.1226454079835273 )
( 0.6907630522088353 , -1.1234241246735635 )
( 0.6947791164658634 , -1.123807235172484 )
( 0.6987951807228915 , -1.1237970081222508 )
( 0.7028112449799196 , -1.1233958131153416 )
( 0.7068273092369477 , -1.1226061181874678 )
( 0.7108433734939759 , -1.1214304873859928 )
( 0.7148594377510039 , -1.1198715784080073 )
( 0.7188755020080321 , -1.117932140303605 )
( 0.7228915662650601 , -1.1156150112454921 )
( 0.7269076305220883 , -1.112923116357476 )
( 0.7309236947791165 , -1.1098594656018228 )
( 0.7349397590361445 , -1.1064271517237705 )
( 0.7389558232931727 , -1.1026293482479392 )
( 0.7429718875502007 , -1.0984693075260459 )
( 0.7469879518072289 , -1.0939503588355384 )
( 0.7510040160642569 , -1.0890759065227669 )
( 0.7550200803212851 , -1.083849428193231 )
( 0.7590361445783131 , -1.0782744729437874 )
( 0.7630522088353413 , -1.0723546596365525 )
( 0.7670682730923694 , -1.0660936752133077 )
( 0.7710843373493975 , -1.059495273046726 )
( 0.7751004016064257 , -1.0525632713294744 )
( 0.7791164658634537 , -1.0453015514969215 )
( 0.7831325301204819 , -1.0377140566847003 )
( 0.78714859437751 , -1.0298047902181868 )
( 0.7911646586345381 , -1.0215778141323764 )
( 0.7951807228915662 , -1.0130372477213312 )
( 0.7991967871485943 , -1.0041872661175715 )
( 0.8032128514056224 , -0.9950320988971484 )
( 0.8072289156626505 , -0.985576028711816 )
( 0.8112449799196786 , -0.9758233899462511 )
( 0.8152610441767068 , -0.9657785673986448 )
( 0.8192771084337349 , -0.9554459949867704 )
( 0.823293172690763 , -0.9448301544742529 )
( 0.8273092369477911 , -0.9339355742198338 )
( 0.8313253012048192 , -0.9227668279469872 )
( 0.8353413654618473 , -0.9113285335335392 )
( 0.8393574297188754 , -0.8996253518232252 )
( 0.8433734939759036 , -0.8876619854521546 )
( 0.8473895582329316 , -0.8754431776996419 )
( 0.8514056224899598 , -0.8629737113517366 )
( 0.8554216867469878 , -0.8502584075890391 )
( 0.859437751004016 , -0.8373021248869987 )
( 0.8634538152610441 , -0.8241097579406224 )
( 0.8674698795180722 , -0.8106862366031958 )
( 0.8714859437751004 , -0.7970365248464621 )
( 0.8755020080321284 , -0.783165619741762 )
( 0.8795180722891566 , -0.7690785504597974 )
( 0.8835341365461846 , -0.7547803772959758 )
( 0.8875502008032128 , -0.7402761907176584 )
( 0.8915662650602408 , -0.7255711104397113 )
( 0.895582329317269 , -0.7106702845277493 )
( 0.899598393574297 , -0.6955788885368024 )
( 0.9036144578313252 , -0.680302124685211 )
( 0.9076305220883534 , -0.6648452210731286 )
( 0.9116465863453814 , -0.6492134309480457 )
( 0.9156626506024096 , -0.6334120320310604 )
( 0.9196787148594376 , -0.6174463259096721 )
( 0.9236947791164658 , -0.6013216375088236 )
( 0.9277108433734939 , -0.5850433146628635 )
( 0.931726907630522 , -0.5686167278002665 )
( 0.9357429718875501 , -0.5520472697711731 )
( 0.9397590361445782 , -0.535340355845895 )
( 0.9437751004016064 , -0.5185014239312019 )
( 0.9477911646586344 , -0.5015359350505444 )
( 0.9518072289156626 , -0.4844493741664173 )
( 0.9558232931726907 , -0.46724725143478146 )
( 0.9598393574297188 , -0.44993510402295867 )
( 0.9638554216867469 , -0.43251849867290104 )
( 0.967871485943775 , -0.4150030352722574 )
( 0.9718875502008031 , -0.39739435181589355 )
( 0.9759036144578312 , -0.37969813135729075 )
( 0.9799196787148593 , -0.3619201119087931 )
( 0.9839357429718875 , -0.34406610095087065 )
( 0.9879518072289156 , -0.3261419976618002 )
( 0.9919678714859437 , -0.3081538294703055 )
( 0.9959839357429718 , -0.2901078199659924 )
( 1.0 , -0.27201055544468034 )


True Fct: 
( 0.0 , 0.0 )
( 0.004016064257028112 , 0.039989248352346615 )
( 0.008032128514056224 , 0.07959562512525956 )
( 0.012048192771084336 , 0.118759814226484 )
( 0.01606425702811245 , 0.15742364273346285 )
( 0.020080321285140562 , 0.1955301602562481 )
( 0.024096385542168672 , 0.2330237159408302 )
( 0.028112449799196783 , 0.26985003301520377 )
( 0.0321285140562249 , 0.30595628078457643 )
( 0.03614457831325301 , 0.3412911439863324 )
( 0.040160642570281124 , 0.3758048894196743 )
( 0.04417670682730923 , 0.4094494297692824 )
( 0.048192771084337345 , 0.4421783845468391 )
( 0.05220883534136546 , 0.473947138078866 )
( 0.056224899598393566 , 0.5047128944740018 )
( 0.06024096385542168 , 0.534434729507598 )
( 0.0642570281124498 , 0.5630736393663371 )
( 0.0682730923694779 , 0.590592586200453 )
( 0.07228915662650602 , 0.6169565404360702 )
( 0.07630522088353413 , 0.642132519805153 )
( 0.08032128514056225 , 0.6660896250555751 )
( 0.08433734939759036 , 0.6887990723088652 )
( 0.08835341365461846 , 0.7102342220382496 )
( 0.09236947791164658 , 0.7303706046447057 )
( 0.09638554216867469 , 0.7491859426138212 )
( 0.1004016064257028 , 0.7666601692413568 )
( 0.10441767068273092 , 0.7827754439204907 )
( 0.10843373493975902 , 0.7975161639887959 )
( 0.11244979919678713 , 0.8108689731380523 )
( 0.11646586345381525 , 0.8228227663950181 )
( 0.12048192771084336 , 0.8333686916862643 )
( 0.12449799196787148 , 0.8425001480051302 )
( 0.1285140562248996 , 0.8502127802037382 )
( 0.1325301204819277 , 0.8565044704378476 )
( 0.1365461847389558 , 0.8613753262970972 )
( 0.14056224899598393 , 0.8648276656578923 )
( 0.14457831325301204 , 0.8668659983008024 )
( 0.14859437751004015 , 0.8674970043388972 )
( 0.15261044176706826 , 0.8667295095078773 )
( 0.15662650602409636 , 0.8645744573732268 )
( 0.1606425702811245 , 0.8610448785138644 )
( 0.1646586345381526 , 0.8561558567459086 )
( 0.1686746987951807 , 0.8499244924542153 )
( 0.17269076305220882 , 0.8423698631032528 )
( 0.17670682730923692 , 0.8335129810026716 )
( 0.18072289156626503 , 0.8233767484065895 )
( 0.18473895582329317 , 0.8119859100291362 )
( 0.18875502008032127 , 0.7993670030621943 )
( 0.19277108433734938 , 0.7855483047845186 )
( 0.1967871485943775 , 0.7705597778545185 )
( 0.2008032128514056 , 0.7544330133819324 )
( 0.20481927710843373 , 0.7372011718764211 )
( 0.20883534136546184 , 0.7188989221737478 )
( 0.21285140562248994 , 0.6995623784426791 )
( 0.21686746987951805 , 0.6792290353780637 )
( 0.22088353413654616 , 0.6579377016876838 )
( 0.22489959839357426 , 0.6357284319824531 )
( 0.2289156626506024 , 0.6126424571813397 )
( 0.2329317269076305 , 0.5887221135440288 )
( 0.2369477911646586 , 0.5640107704457823 )
( 0.24096385542168672 , 0.5385527570102557 )
( 0.24497991967871482 , 0.5123932877171129 )
( 0.24899598393574296 , 0.48557838710222034 )
( 0.25301204819277107 , 0.45815481366893956 )
( 0.2570281124497992 , 0.4301699831296081 )
( 0.2610441767068273 , 0.40167189109668267 )
( 0.2650602409638554 , 0.37270903534322775 )
( 0.2690763052208835 , 0.34333033775246835 )
( 0.2730923694779116 , 0.31358506607596315 )
( 0.2771084337349397 , 0.28352275561964363 )
( 0.28112449799196787 , 0.25319313097645785 )
( 0.285140562248996 , 0.22264602792367835 )
( 0.2891566265060241 , 0.19193131560209004 )
( 0.2931726907630522 , 0.16109881909325793 )
( 0.2971887550200803 , 0.13019824250988213 )
( 0.3012048192771084 , 0.09927909271289634 )
( 0.3052208835341365 , 0.06839060376745752 )
( 0.3092369477911646 , 0.03758166224828595 )
( 0.3132530120481927 , 0.006900733502992771 )
( 0.31726907630522083 , -0.0236042110199549 )
( 0.321285140562249 , -0.05388576527412713 )
( 0.3253012048192771 , -0.08389715884664696 )
( 0.3293172690763052 , -0.11359232581853203 )
( 0.3333333333333333 , -0.1429259721566137 )
( 0.3373493975903614 , -0.1718536415424956 )
( 0.34136546184738953 , -0.20033177954682482 )
( 0.34538152610441764 , -0.22831779606011252 )
( 0.34939759036144574 , -0.255770125894398 )
( 0.35341365461847385 , -0.282648287473237 )
( 0.35742971887550196 , -0.3089129395307918 )
( 0.36144578313253006 , -0.33452593574418793 )
( 0.3654618473895582 , -0.35945037722680345 )
( 0.36947791164658633 , -0.38365066281373644 )
( 0.37349397590361444 , -0.40709253707438003 )
( 0.37751004016064255 , -0.4297431359907705 )
( 0.38152610441767065 , -0.45157103024422485 )
( 0.38554216867469876 , -0.4725462660566642 )
( 0.38955823293172687 , -0.49264040353698896 )
( 0.393574297188755 , -0.5118265524868881 )
( 0.3975903614457831 , -0.530079405624531 )
( 0.4016064257028112 , -0.5473752691887032 )
( 0.4056224899598393 , -0.5636920908900966 )
( 0.40963855421686746 , -0.5790094851806474 )
( 0.41365461847389556 , -0.5933087558160153 )
( 0.41767068273092367 , -0.6065729156905331 )
( 0.4216867469879518 , -0.6187867039281817 )
( 0.4257028112449799 , -0.62993660021739 )
( 0.429718875502008 , -0.6400108363817085 )
( 0.4337349397590361 , -0.6489994051826329 )
( 0.4377510040160642 , -0.6568940663550739 )
( 0.4417670682730923 , -0.6636883498801829 )
( 0.4457831325301204 , -0.669377556504404 )
( 0.4497991967871485 , -0.6739587555177803 )
( 0.4538152610441767 , -0.677430779808638 )
( 0.4578313253012048 , -0.6797942182158425 )
( 0.4618473895582329 , -0.6810514052038262 )
( 0.465863453815261 , -0.681206407889547 )
( 0.4698795180722891 , -0.6802650104544284 )
( 0.4738955823293172 , -0.6782346959781639 )
( 0.47791164658634533 , -0.6751246257350156 )
( 0.48192771084337344 , -0.6709456159969217 )
( 0.48594377510040154 , -0.6657101123913147 )
( 0.48995983935742965 , -0.6594321618650563 )
( 0.4939759036144578 , -0.6521273823093156 )
( 0.4979919678714859 , -0.6438129299035172 )
( 0.502008032128514 , -0.6345074642397084 )
( 0.5060240963855421 , -0.6242311112917903 )
( 0.5100401606425702 , -0.6130054242970588 )
( 0.5140562248995983 , -0.6008533426203657 )
( 0.5180722891566265 , -0.5877991486739839 )
( 0.5220883534136546 , -0.5738684229688821 )
( 0.5261044176706827 , -0.5590879973756272 )
( 0.5301204819277108 , -0.5434859066755209 )
( 0.5341365461847389 , -0.5270913384848019 )
( 0.538152610441767 , -0.5099345816368815 )
( 0.5421686746987951 , -0.49204697310952566 )
( 0.5461847389558232 , -0.47346084358575563 )
( 0.5502008032128514 , -0.45420946173889926 )
( 0.5542168674698794 , -0.43432697733379866 )
( 0.5582329317269076 , -0.41384836323754426 )
( 0.5622489959839357 , -0.392809356434388 )
( 0.5662650602409638 , -0.3712463981405564 )
( 0.570281124497992 , -0.3491965731156551 )
( 0.57429718875502 , -0.32669754826814895 )
( 0.5783132530120482 , -0.30378751065303206 )
( 0.5823293172690762 , -0.2805051049603239 )
( 0.5863453815261044 , -0.2568893705933343 )
( 0.5903614457831324 , -0.2329796784358636 )
( 0.5943775100401606 , -0.20881566740750143 )
( 0.5983935742971886 , -0.18443718090611816 )
( 0.6024096385542168 , -0.15988420323632385 )
( 0.606425702811245 , -0.1351967961223054 )
( 0.610441767068273 , -0.11041503540284749 )
( 0.6144578313253012 , -0.08557894800565309 )
( 0.6184738955823292 , -0.06072844929722234 )
( 0.6224899598393574 , -0.035903280903526 )
( 0.6265060240963854 , -0.01114294909560823 )
( 0.6305220883534136 , 0.013513336167080501 )
( 0.6345381526104417 , 0.03802672144418349 )
( 0.6385542168674698 , 0.06235876918293271 )
( 0.642570281124498 , 0.08647151615944483 )
( 0.646586345381526 , 0.11032753090646696 )
( 0.6506024096385542 , 0.13388997004313705 )
( 0.6546184738955823 , 0.15712263342438185 )
( 0.6586345381526104 , 0.1799900180297676 )
( 0.6626506024096385 , 0.2024573705138785 )
( 0.6666666666666666 , 0.2244907383427315 )
( 0.6706827309236947 , 0.24605701944319963 )
( 0.6746987951807228 , 0.267124010295069 )
( 0.6787148594377509 , 0.287660452398011 )
( 0.6827309236947791 , 0.30763607704859075 )
( 0.6867469879518072 , 0.32702164836527803 )
( 0.6907630522088353 , 0.3457890045024289 )
( 0.6947791164658634 , 0.363911096997234 )
( 0.6987951807228915 , 0.3813620281967416 )
( 0.7028112449799196 , 0.39811708671528545 )
( 0.7068273092369477 , 0.4141527808758576 )
( 0.7108433734939759 , 0.4294468700923113 )
( 0.7148594377510039 , 0.4439783941526182 )
( 0.7188755020080321 , 0.45772770036683386 )
( 0.7228915662650601 , 0.4706764685468603 )
( 0.7269076305220883 , 0.48280773378860176 )
( 0.7309236947791165 , 0.49410590703061485 )
( 0.7349397590361445 , 0.5045567933669132 )
( 0.7389558232931727 , 0.5141476080951489 )
( 0.7429718875502007 , 0.5228669904849665 )
( 0.7469879518072289 , 0.5307050152549362 )
( 0.7510040160642569 , 0.5376532017500425 )
( 0.7550200803212851 , 0.5437045208153188 )
( 0.7590361445783131 , 0.548853399364785 )
( 0.7630522088353413 , 0.5530957226484328 )
( 0.7670682730923694 , 0.5564288342235434 )
( 0.7710843373493975 , 0.5588515336401639 )
( 0.7751004016064257 , 0.5603640718540601 )
( 0.7791164658634537 , 0.5609681443839365 )
( 0.7831325301204819 , 0.5606668822331359 )
( 0.78714859437751 , 0.5594648405994197 )
( 0.7911646586345381 , 0.5573679853997573 )
( 0.7951807228915662 , 0.5543836776403323 )
( 0.7991967871485943 , 0.5505206556651935 )
( 0.8032128514056224 , 0.5457890153201369 )
( 0.8072289156626505 , 0.5402001880714766 )
( 0.8112449799196786 , 0.5337669171223974 )
( 0.8152610441767068 , 0.5265032315724935 )
( 0.8192771084337349 , 0.5184244186689716 )
( 0.823293172690763 , 0.509546994200748 )
( 0.8273092369477911 , 0.49988867108935636 )
( 0.8313253012048192 , 0.48946832623316505 )
( 0.8353413654618473 , 0.4783059656638831 )
( 0.8393574297188754 , 0.46642268807673504 )
( 0.8433734939759036 , 0.453840646797945 )
( 0.8473895582329316 , 0.4405830102553671 )
( 0.8514056224899598 , 0.4266739210201451 )
( 0.8554216867469878 , 0.412138453489255 )
( 0.859437751004016 , 0.39700257028059677 )
( 0.8634538152610441 , 0.38129307741404844 )
( 0.8674698795180722 , 0.3650375783534639 )
( 0.8714859437751004 , 0.3482644269860977 )
( 0.8755020080321284 , 0.33100267961727575 )
( 0.8795180722891566 , 0.3132820460593609 )
( 0.8835341365461846 , 0.295132839895174 )
( 0.8875502008032128 , 0.2765859279969778 )
( 0.8915662650602408 , 0.2576726793829969 )
( 0.895582329317269 , 0.23842491349414308 )
( 0.899598393574297 , 0.21887484797421192 )
( 0.9036144578313252 , 0.1990550460372376 )
( 0.9076305220883534 , 0.17899836350605453 )
( 0.9116465863453814 , 0.1587378956062537 )
( 0.9156626506024096 , 0.13830692359981506 )
( 0.9196787148594376 , 0.1177388613426026 )
( 0.9236947791164658 , 0.09706720184970287 )
( 0.9277108433734939 , 0.07632546395227245 )
( 0.931726907630522 , 0.05554713912905791 )
( 0.9357429718875501 , 0.0347656385952108 )
( 0.9397590361445782 , 0.014014240730253726 )
( 0.9437751004016064 , -0.006673961073750467 )
( 0.9477911646586344 , -0.027266110063757718 )
( 0.9518072289156626 , -0.04772963719804558 )
( 0.9558232931726907 , -0.06803231156146036 )
( 0.9598393574297188 , -0.08814229004716712 )
( 0.9638554216867469 , -0.10802816622984385 )
( 0.967871485943775 , -0.1276590183568575 )
( 0.9718875502008031 , -0.14700445638557394 )
( 0.9759036144578312 , -0.16603466799673952 )
( 0.9799196787148593 , -0.1847204635157093 )
( 0.9839357429718875 , -0.20303331967528834 )
( 0.9879518072289156 , -0.22094542215598087 )
( 0.9919678714859437 , -0.23842970684160703 )
( 0.9959839357429718 , -0.2554598997304851 )
( 1.0 , -0.2720105554446849 )


Acquisition fct: 
( 0.0 , 0.0 )
( 0.004016064257028112 , 0.0 )
( 0.008032128514056224 , 0.0 )
( 0.012048192771084336 , 0.0 )
( 0.01606425702811245 , 0.0 )
( 0.020080321285140562 , 0.0 )
( 0.024096385542168672 , 0.0 )
( 0.028112449799196783 , 0.0 )
( 0.0321285140562249 , 0.0 )
( 0.03614457831325301 , 0.0 )
( 0.040160642570281124 , 0.0 )
( 0.04417670682730923 , 0.0 )
( 0.048192771084337345 , 0.0 )
( 0.05220883534136546 , 0.0 )
( 0.056224899598393566 , 0.0 )
( 0.06024096385542168 , 0.0 )
( 0.0642570281124498 , 0.0 )
( 0.0682730923694779 , 0.0 )
( 0.07228915662650602 , 0.0 )
( 0.07630522088353413 , 0.0 )
( 0.08032128514056225 , 0.0 )
( 0.08433734939759036 , 0.0 )
( 0.08835341365461846 , 0.0 )
( 0.09236947791164658 , 0.0 )
( 0.09638554216867469 , 7.436e-321 )
( 0.1004016064257028 , 2.8939115165294077e-140 )
( 0.10441767068273092 , 3.1879207196677943e-65 )
( 0.10843373493975902 , 1.241830268068703e-31 )
( 0.11244979919678713 , 6.450747802120103e-16 )
( 0.11646586345381525 , 1.6445138630637004e-08 )
( 0.12048192771084336 , 4.129334782844587e-05 )
( 0.12449799196787148 , 0.001261384599833295 )
( 0.1285140562248996 , 0.005388623250521849 )
( 0.1325301204819277 , 0.01039989737251201 )
( 0.1365461847389558 , 0.014608885463690935 )
( 0.14056224899598393 , 0.017690021197605328 )
( 0.14457831325301204 , 0.019636201652071077 )
( 0.14859437751004015 , 0.02047867300058255 )
( 0.15261044176706826 , 0.02025304547675607 )
( 0.15662650602409636 , 0.018995862584737785 )
( 0.1606425702811245 , 0.016744069918381645 )
( 0.1646586345381526 , 0.01353475586390867 )
( 0.1686746987951807 , 0.009404961883152192 )
( 0.17269076305220882 , 0.004396986312503896 )
( 0.17670682730923692 , 4.3762912014684265e-05 )
( 0.18072289156626503 , 8.267076666792659e-278 )
( 0.18473895582329317 , 5.6349485252873874e-120 )
( 0.18875502008032127 , 2.6229776052342976e-51 )
( 0.19277108433734938 , 1.3877084556839083e-38 )
( 0.1967871485943775 , 9.134740609014102e-34 )
( 0.2008032128514056 , 1.801235043937027e-31 )
( 0.20481927710843373 , 2.714830558209737e-30 )
( 0.20883534136546184 , 1.0411017544865618e-29 )
( 0.21285140562248994 , 1.7515553250518326e-29 )
( 0.21686746987951805 , 1.711680140008734e-29 )
( 0.22088353413654616 , 1.1378953536985839e-29 )
( 0.22489959839357426 , 5.657100066739941e-30 )
( 0.2289156626506024 , 2.2318650702895996e-30 )
( 0.2329317269076305 , 7.26010014378512e-31 )
( 0.2369477911646586 , 1.9965652405109127e-31 )
( 0.24096385542168672 , 4.7181235159766467e-32 )
( 0.24497991967871482 , 9.680066406061676e-33 )
( 0.24899598393574296 , 1.734723104975149e-33 )
( 0.25301204819277107 , 2.7230880093090735e-34 )
( 0.2570281124497992 , 3.745747593894978e-35 )
( 0.2610441767068273 , 4.5077583118965194e-36 )
( 0.2650602409638554 , 4.730397296482282e-37 )
( 0.2690763052208835 , 4.307999880644721e-38 )
( 0.2730923694779116 , 3.3839980381552104e-39 )
( 0.2771084337349397 , 2.27579008736888e-40 )
( 0.28112449799196787 , 1.2989619467060852e-41 )
( 0.285140562248996 , 6.229758453375603e-43 )
( 0.2891566265060241 , 2.4820797654450996e-44 )
( 0.2931726907630522 , 8.110803566867784e-46 )
( 0.2971887550200803 , 2.1427704464802896e-47 )
( 0.3012048192771084 , 4.5037665732423025e-49 )
( 0.3052208835341365 , 7.397407713711611e-51 )
( 0.3092369477911646 , 9.306844183378533e-53 )
( 0.3132530120481927 , 8.7711224460368e-55 )
( 0.31726907630522083 , 6.039745599192323e-57 )
( 0.321285140562249 , 2.955273428762288e-59 )
( 0.3253012048192771 , 9.959768290237473e-62 )
( 0.3293172690763052 , 2.2324455045581268e-64 )
( 0.3333333333333333 , 3.1997307124231374e-67 )
( 0.3373493975903614 , 2.805443256173461e-70 )
( 0.34136546184738953 , 1.4312075750994877e-73 )
( 0.34538152610441764 , 4.0140714560016926e-77 )
( 0.34939759036144574 , 5.803106950024357e-81 )
( 0.35341365461847385 , 4.018142599321314e-85 )
( 0.35742971887550196 , 1.2251496672542532e-89 )
( 0.36144578313253006 , 1.4937060104614448e-94 )
( 0.3654618473895582 , 6.516093691264689e-100 )
( 0.36947791164658633 , 8.943600956803888e-106 )
( 0.37349397590361444 , 3.326213770035167e-112 )
( 0.37751004016064255 , 2.81546338234595e-119 )
( 0.38152610441767065 , 4.420263884784083e-127 )
( 0.38554216867469876 , 1.011235393770334e-135 )
( 0.38955823293172687 , 2.5321605331586387e-145 )
( 0.393574297188755 , 4.932991712003687e-156 )
( 0.3975903614457831 , 4.962507553710199e-168 )
( 0.4016064257028112 , 1.5705275373418247e-181 )
( 0.4056224899598393 , 8.550419531292026e-197 )
( 0.40963855421686746 , 3.815964322468044e-214 )
( 0.41365461847389556 , 5.573106986890544e-234 )
( 0.41767068273092367 , 8.446689594553607e-257 )
( 0.4216867469879518 , 3.111612384105758e-283 )
( 0.4257028112449799 , 6.197111838717e-311 )
( 0.429718875502008 , 0.0 )
( 0.4337349397590361 , 0.0 )
( 0.4377510040160642 , 0.0 )
( 0.4417670682730923 , 0.0 )
( 0.4457831325301204 , 0.0 )
( 0.4497991967871485 , 0.0 )
( 0.4538152610441767 , 0.0 )
( 0.4578313253012048 , 0.0 )
( 0.4618473895582329 , 0.0 )
( 0.465863453815261 , 0.0 )
( 0.4698795180722891 , 0.0 )
( 0.4738955823293172 , 0.0 )
( 0.47791164658634533 , 0.0 )
( 0.48192771084337344 , 0.0 )
( 0.48594377510040154 , 0.0 )
( 0.48995983935742965 , 0.0 )
( 0.4939759036144578 , 0.0 )
( 0.4979919678714859 , 0.0 )
( 0.502008032128514 , 0.0 )
( 0.5060240963855421 , 0.0 )
( 0.5100401606425702 , 0.0 )
( 0.5140562248995983 , 0.0 )
( 0.5180722891566265 , 0.0 )
( 0.5220883534136546 , 0.0 )
( 0.5261044176706827 , 0.0 )
( 0.5301204819277108 , 0.0 )
( 0.5341365461847389 , 0.0 )
( 0.538152610441767 , 0.0 )
( 0.5421686746987951 , 0.0 )
( 0.5461847389558232 , 0.0 )
( 0.5502008032128514 , 0.0 )
( 0.5542168674698794 , 0.0 )
( 0.5582329317269076 , 0.0 )
( 0.5622489959839357 , 0.0 )
( 0.5662650602409638 , 0.0 )
( 0.570281124497992 , 0.0 )
( 0.57429718875502 , 0.0 )
( 0.5783132530120482 , 0.0 )
( 0.5823293172690762 , 6.0292123463426e-311 )
( 0.5863453815261044 , 6.568834422850736e-289 )
( 0.5903614457831324 , 6.299060567066747e-267 )
( 0.5943775100401606 , 1.2574722897977394e-247 )
( 0.5983935742971886 , 1.3828049383384674e-230 )
( 0.6024096385542168 , 1.8409304965508536e-215 )
( 0.606425702811245 , 5.642731092497002e-202 )
( 0.610441767068273 , 6.758458004179809e-190 )
( 0.6144578313253012 , 4.904307828931237e-179 )
( 0.6184738955823292 , 3.109450769282087e-169 )
( 0.6224899598393574 , 2.342920080361467e-160 )
( 0.6265060240963854 , 2.720891035899552e-152 )
( 0.6305220883534136 , 6.074491241140473e-145 )
( 0.6345381526104417 , 3.1487649088831335e-138 )
( 0.6385542168674698 , 4.4564321721471776e-132 )
( 0.642570281124498 , 1.9803976112185823e-126 )
( 0.646586345381526 , 3.1189573192733946e-121 )
( 0.6506024096385542 , 1.9340878590378294e-116 )
( 0.6546184738955823 , 5.1767666452383195e-112 )
( 0.6586345381526104 , 6.4820599363884076e-108 )
( 0.6626506024096385 , 4.07532721200326e-104 )
( 0.6666666666666666 , 1.3692839728888247e-100 )
( 0.6706827309236947 , 2.598106221762716e-97 )
( 0.6746987951807228 , 2.9234028278122035e-94 )
( 0.6787148594377509 , 2.0373520029045737e-91 )
( 0.6827309236947791 , 9.14133337572922e-89 )
( 0.6867469879518072 , 2.7336300489803084e-86 )
( 0.6907630522088353 , 5.619493113440622e-84 )
( 0.6947791164658634 , 8.164514067010344e-82 )
( 0.6987951807228915 , 8.595236352955301e-80 )
( 0.7028112449799196 , 6.7051342213178595e-78 )
( 0.7068273092369477 , 3.954914834458327e-76 )
( 0.7108433734939759 , 1.7961351406336015e-74 )
( 0.7148594377510039 , 6.384550100705322e-73 )
( 0.7188755020080321 , 1.8027354004559158e-71 )
( 0.7228915662650601 , 4.097674130470112e-70 )
( 0.7269076305220883 , 7.588781510136219e-69 )
( 0.7309236947791165 , 1.1575653649978321e-67 )
( 0.7349397590361445 , 1.468578077826331e-66 )
( 0.7389558232931727 , 1.563273040449227e-65 )
( 0.7429718875502007 , 1.4072474863684114e-64 )
( 0.7469879518072289 , 1.078818874699314e-63 )
( 0.7510040160642569 , 7.087157871470465e-63 )
( 0.7550200803212851 , 4.011664930679198e-62 )
( 0.7590361445783131 , 1.9660221076938442e-61 )
( 0.7630522088353413 , 8.376442802478126e-61 )
( 0.7670682730923694 , 3.1135873944662945e-60 )
( 0.7710843373493975 , 1.0126315789039812e-59 )
( 0.7751004016064257 , 2.888235795019349e-59 )
( 0.7791164658634537 , 7.236920868918451e-59 )
( 0.7831325301204819 , 1.5948266647786624e-58 )
( 0.78714859437751 , 3.0928484251820084e-58 )
( 0.7911646586345381 , 5.278145487124229e-58 )
( 0.7951807228915662 , 7.921594620954717e-58 )
( 0.7991967871485943 , 1.0442706041779585e-57 )
( 0.8032128514056224 , 1.2068702195610062e-57 )
( 0.8072289156626505 , 1.2196475082671838e-57 )
( 0.8112449799196786 , 1.0742239258309099e-57 )
( 0.8152610441767068 , 8.212197928173139e-58 )
( 0.8192771084337349 , 5.422166173757725e-58 )
( 0.823293172690763 , 3.0737726127121003e-58 )
( 0.8273092369477911 , 1.4857389446085098e-58 )
( 0.8313253012048192 , 6.07394603094959e-59 )
( 0.8353413654618473 , 2.0805709697733726e-59 )
( 0.8393574297188754 , 5.90706426955244e-60 )
( 0.8433734939759036 , 1.3728317957330484e-60 )
( 0.8473895582329316 , 2.5744383727835576e-61 )
( 0.8514056224899598 , 3.8317270132025576e-62 )
( 0.8554216867469878 , 4.441212903773247e-63 )
( 0.859437751004016 , 3.921930160521264e-64 )
( 0.8634538152610441 , 2.5729154756386724e-65 )
( 0.8674698795180722 , 1.2178733840299113e-66 )
( 0.8714859437751004 , 4.0209893015191895e-68 )
( 0.8755020080321284 , 8.902738311233489e-70 )
( 0.8795180722891566 , 1.2624601674964825e-71 )
( 0.8835341365461846 , 1.0864748262829954e-73 )
( 0.8875502008032128 , 5.325675976617153e-76 )
( 0.8915662650602408 , 1.3793107037533807e-78 )
( 0.895582329317269 , 1.7260159542898492e-81 )
( 0.899598393574297 , 9.37557426223256e-85 )
( 0.9036144578313252 , 1.9427073507749297e-88 )
( 0.9076305220883534 , 1.3124728728955252e-92 )
( 0.9116465863453814 , 2.385194277488544e-97 )
( 0.9156626506024096 , 9.193467876121172e-103 )
( 0.9196787148594376 , 5.586273460485959e-109 )
( 0.9236947791164658 , 3.680608339066921e-116 )
( 0.9277108433734939 , 1.6307046432952263e-124 )
( 0.931726907630522 , 2.6186215855828834e-134 )
( 0.9357429718875501 , 6.770857564387872e-146 )
( 0.9397590361445782 , 9.54590709313065e-160 )
( 0.9437751004016064 , 1.683351489233136e-176 )
( 0.9477911646586344 , 4.8051637501219335e-197 )
( 0.9518072289156626 , 1.2102030309853518e-222 )
( 0.9558232931726907 , 3.805235033560599e-255 )
( 0.9598393574297188 , 2.3828808316703255e-297 )
( 0.9638554216867469 , 0.0 )
( 0.967871485943775 , 0.0 )
( 0.9718875502008031 , 0.0 )
( 0.9759036144578312 , 0.0 )
( 0.9799196787148593 , 0.0 )
( 0.9839357429718875 , 0.0 )
( 0.9879518072289156 , 0.0 )
( 0.9919678714859437 , 0.0 )
( 0.9959839357429718 , 0.0 )
( 1.0 , 0.0 )


Observations: 
( 0.0 , 0.0 )
( 0.5 , -0.6392828497754256 )
( 1.0 , -0.2720105554446849 )
( 0.08178183131073205 , 0.6744943173244953 )
( 0.18176121184874314 , 0.8205509576837086 )
