Prior input/output:
( 0.0 , 1.0 )
( 0.00401606425703 , 1.0 )
( 0.00803212851406 , 1.0 )
( 0.0120481927711 , 1.0 )
( 0.0160642570281 , 1.0 )
( 0.0200803212851 , 1.0 )
( 0.0240963855422 , 1.0 )
( 0.0281124497992 , 1.0 )
( 0.0321285140562 , 1.0 )
( 0.0361445783133 , 1.0 )
( 0.0401606425703 , 1.0 )
( 0.0441767068273 , 1.0 )
( 0.0481927710843 , 1.0 )
( 0.0522088353414 , 1.0 )
( 0.0562248995984 , 1.0 )
( 0.0602409638554 , 1.0 )
( 0.0642570281124 , 1.0 )
( 0.0682730923695 , 1.0 )
( 0.0722891566265 , 1.0 )
( 0.0763052208835 , 1.0 )
( 0.0803212851406 , 1.0 )
( 0.0843373493976 , 1.0 )
( 0.0883534136546 , 1.0 )
( 0.0923694779116 , 1.0 )
( 0.0963855421687 , 1.0 )
( 0.100401606426 , 1.0 )
( 0.104417670683 , 1.0 )
( 0.10843373494 , 1.0 )
( 0.112449799197 , 1.0 )
( 0.116465863454 , 1.0 )
( 0.120481927711 , 1.0 )
( 0.124497991968 , 1.0 )
( 0.128514056225 , 1.0 )
( 0.132530120482 , 1.0 )
( 0.136546184739 , 1.0 )
( 0.140562248996 , 1.0 )
( 0.144578313253 , 1.0 )
( 0.14859437751 , 1.0 )
( 0.152610441767 , 1.0 )
( 0.156626506024 , 1.0 )
( 0.160642570281 , 1.0 )
( 0.164658634538 , 1.0 )
( 0.168674698795 , 1.0 )
( 0.172690763052 , 1.0 )
( 0.176706827309 , 1.0 )
( 0.180722891566 , 1.0 )
( 0.184738955823 , 1.0 )
( 0.18875502008 , 1.0 )
( 0.192771084337 , 1.0 )
( 0.196787148594 , 1.0 )
( 0.200803212851 , 1.0 )
( 0.204819277108 , 1.0 )
( 0.208835341365 , 1.0 )
( 0.212851405622 , 1.0 )
( 0.21686746988 , 1.0 )
( 0.220883534137 , 1.0 )
( 0.224899598394 , 1.0 )
( 0.228915662651 , 1.0 )
( 0.232931726908 , 1.0 )
( 0.236947791165 , 1.0 )
( 0.240963855422 , 1.0 )
( 0.244979919679 , 1.0 )
( 0.248995983936 , 1.0 )
( 0.253012048193 , 1.0 )
( 0.25702811245 , 1.0 )
( 0.261044176707 , 1.0 )
( 0.265060240964 , 1.0 )
( 0.269076305221 , 1.0 )
( 0.273092369478 , 1.0 )
( 0.277108433735 , 1.0 )
( 0.281124497992 , 1.0 )
( 0.285140562249 , 1.0 )
( 0.289156626506 , 1.0 )
( 0.293172690763 , 1.0 )
( 0.29718875502 , 1.0 )
( 0.301204819277 , 1.0 )
( 0.305220883534 , 1.0 )
( 0.309236947791 , 1.0 )
( 0.313253012048 , 1.0 )
( 0.317269076305 , 1.0 )
( 0.321285140562 , 1.0 )
( 0.325301204819 , 1.0 )
( 0.329317269076 , 1.0 )
( 0.333333333333 , 1.0 )
( 0.33734939759 , 1.0 )
( 0.341365461847 , 1.0 )
( 0.345381526104 , 1.0 )
( 0.349397590361 , 1.0 )
( 0.353413654618 , 1.0 )
( 0.357429718876 , 1.0 )
( 0.361445783133 , 1.0 )
( 0.36546184739 , 1.0 )
( 0.369477911647 , 1.0 )
( 0.373493975904 , 1.0 )
( 0.377510040161 , 1.0 )
( 0.381526104418 , 1.0 )
( 0.385542168675 , 1.0 )
( 0.389558232932 , 1.0 )
( 0.393574297189 , 1.0 )
( 0.397590361446 , 1.0 )
( 0.401606425703 , 1.0 )
( 0.40562248996 , 1.0 )
( 0.409638554217 , 1.0 )
( 0.413654618474 , 1.0 )
( 0.417670682731 , 1.0 )
( 0.421686746988 , 1.0 )
( 0.425702811245 , 1.0 )
( 0.429718875502 , 1.0 )
( 0.433734939759 , 1.0 )
( 0.437751004016 , 1.0 )
( 0.441767068273 , 1.0 )
( 0.44578313253 , 1.0 )
( 0.449799196787 , 1.0 )
( 0.453815261044 , 1.0 )
( 0.457831325301 , 1.0 )
( 0.461847389558 , 1.0 )
( 0.465863453815 , 1.0 )
( 0.469879518072 , 1.0 )
( 0.473895582329 , 1.0 )
( 0.477911646586 , 1.0 )
( 0.481927710843 , 1.0 )
( 0.4859437751 , 1.0 )
( 0.489959839357 , 1.0 )
( 0.493975903614 , 1.0 )
( 0.497991967871 , 1.0 )
( 0.502008032129 , 1.0 )
( 0.506024096386 , 1.0 )
( 0.510040160643 , 1.0 )
( 0.5140562249 , 1.0 )
( 0.518072289157 , 1.0 )
( 0.522088353414 , 1.0 )
( 0.526104417671 , 1.0 )
( 0.530120481928 , 1.0 )
( 0.534136546185 , 1.0 )
( 0.538152610442 , 1.0 )
( 0.542168674699 , 1.0 )
( 0.546184738956 , 1.0 )
( 0.550200803213 , 1.0 )
( 0.55421686747 , 1.0 )
( 0.558232931727 , 1.0 )
( 0.562248995984 , 1.0 )
( 0.566265060241 , 1.0 )
( 0.570281124498 , 1.0 )
( 0.574297188755 , 1.0 )
( 0.578313253012 , 1.0 )
( 0.582329317269 , 1.0 )
( 0.586345381526 , 1.0 )
( 0.590361445783 , 1.0 )
( 0.59437751004 , 1.0 )
( 0.598393574297 , 1.0 )
( 0.602409638554 , 1.0 )
( 0.606425702811 , 1.0 )
( 0.610441767068 , 1.0 )
( 0.614457831325 , 1.0 )
( 0.618473895582 , 1.0 )
( 0.622489959839 , 1.0 )
( 0.626506024096 , 1.0 )
( 0.630522088353 , 1.0 )
( 0.63453815261 , 1.0 )
( 0.638554216867 , 1.0 )
( 0.642570281124 , 1.0 )
( 0.646586345382 , 1.0 )
( 0.650602409639 , 1.0 )
( 0.654618473896 , 1.0 )
( 0.658634538153 , 1.0 )
( 0.66265060241 , 1.0 )
( 0.666666666667 , 1.0 )
( 0.670682730924 , 1.0 )
( 0.674698795181 , 1.0 )
( 0.678714859438 , 1.0 )
( 0.682730923695 , 1.0 )
( 0.686746987952 , 1.0 )
( 0.690763052209 , 1.0 )
( 0.694779116466 , 1.0 )
( 0.698795180723 , 1.0 )
( 0.70281124498 , 1.0 )
( 0.706827309237 , 1.0 )
( 0.710843373494 , 1.0 )
( 0.714859437751 , 1.0 )
( 0.718875502008 , 1.0 )
( 0.722891566265 , 1.0 )
( 0.726907630522 , 1.0 )
( 0.730923694779 , 1.0 )
( 0.734939759036 , 1.0 )
( 0.738955823293 , 1.0 )
( 0.74297188755 , 1.0 )
( 0.746987951807 , 1.0 )
( 0.751004016064 , 1.0 )
( 0.755020080321 , 1.0 )
( 0.759036144578 , 1.0 )
( 0.763052208835 , 1.0 )
( 0.767068273092 , 1.0 )
( 0.771084337349 , 1.0 )
( 0.775100401606 , 1.0 )
( 0.779116465863 , 1.0 )
( 0.78313253012 , 1.0 )
( 0.787148594378 , 1.0 )
( 0.791164658635 , 1.0 )
( 0.795180722892 , 1.0 )
( 0.799196787149 , 1.0 )
( 0.803212851406 , 1.0 )
( 0.807228915663 , 1.0 )
( 0.81124497992 , 1.0 )
( 0.815261044177 , 1.0 )
( 0.819277108434 , 1.0 )
( 0.823293172691 , 1.0 )
( 0.827309236948 , 1.0 )
( 0.831325301205 , 1.0 )
( 0.835341365462 , 1.0 )
( 0.839357429719 , 1.0 )
( 0.843373493976 , 1.0 )
( 0.847389558233 , 1.0 )
( 0.85140562249 , 1.0 )
( 0.855421686747 , 1.0 )
( 0.859437751004 , 1.0 )
( 0.863453815261 , 1.0 )
( 0.867469879518 , 1.0 )
( 0.871485943775 , 1.0 )
( 0.875502008032 , 1.0 )
( 0.879518072289 , 1.0 )
( 0.883534136546 , 1.0 )
( 0.887550200803 , 1.0 )
( 0.89156626506 , 1.0 )
( 0.895582329317 , 1.0 )
( 0.899598393574 , 1.0 )
( 0.903614457831 , 1.0 )
( 0.907630522088 , 1.0 )
( 0.911646586345 , 1.0 )
( 0.915662650602 , 1.0 )
( 0.919678714859 , 1.0 )
( 0.923694779116 , 1.0 )
( 0.927710843373 , 1.0 )
( 0.931726907631 , 1.0 )
( 0.935742971888 , 1.0 )
( 0.939759036145 , 1.0 )
( 0.943775100402 , 1.0 )
( 0.947791164659 , 1.0 )
( 0.951807228916 , 1.0 )
( 0.955823293173 , 1.0 )
( 0.95983935743 , 1.0 )
( 0.963855421687 , 1.0 )
( 0.967871485944 , 1.0 )
( 0.971887550201 , 1.0 )
( 0.975903614458 , 1.0 )
( 0.979919678715 , 1.0 )
( 0.983935742972 , 1.0 )
( 0.987951807229 , 1.0 )
( 0.991967871486 , 1.0 )
( 0.995983935743 , 1.0 )
( 1.0 , 1.0 )

Posterior input/output:
( 0.0 , 0.502373999769 )
( 0.00401606425703 , 0.44057671346 )
( 0.00803212851406 , 0.384847831098 )
( 0.0120481927711 , 0.334854796189 )
( 0.0160642570281 , 0.290237572277 )
( 0.0200803212851 , 0.250618310645 )
( 0.0240963855422 , 0.215610148796 )
( 0.0281124497992 , 0.184825009144 )
( 0.0321285140562 , 0.157880319714 )
( 0.0361445783133 , 0.134404626618 )
( 0.0401606425703 , 0.11404211009 )
( 0.0441767068273 , 0.0964560508761 )
( 0.0481927710843 , 0.0813313212984 )
( 0.0522088353414 , 0.0683759953185 )
( 0.0562248995984 , 0.0573221847982 )
( 0.0602409638554 , 0.0479262155744 )
( 0.0642570281124 , 0.039968257815 )
( 0.0682730923695 , 0.0332515214221 )
( 0.0722891566265 , 0.0276011200383 )
( 0.0763052208835 , 0.0228626975046 )
( 0.0803212851406 , 0.0189008993472 )
( 0.0843373493976 , 0.0155977598579 )
( 0.0883534136546 , 0.0128510632401 )
( 0.0923694779116 , 0.0105727256691 )
( 0.0963855421687 , 0.00868723433703 )
( 0.100401606426 , 0.00713016988842 )
( 0.104417670683 , 0.0058468302436 )
( 0.10843373494 , 0.00479096670626 )
( 0.112449799197 , 0.00392363743847 )
( 0.116465863454 , 0.00321217878189 )
( 0.120481927711 , 0.00262929139619 )
( 0.124497991968 , 0.00215223564066 )
( 0.128514056225 , 0.00176212889789 )
( 0.132530120482 , 0.00144333648791 )
( 0.136546184739 , 0.00118294731178 )
( 0.140562248996 , 0.000970325272909 )
( 0.144578313253 , 0.000796727745031 )
( 0.14859437751 , 0.000654982795718 )
( 0.152610441767 , 0.00053921745896 )
( 0.156626506024 , 0.000444630018103 )
( 0.160642570281 , 0.00036729996519 )
( 0.164658634538 , 0.000304030008857 )
( 0.168674698795 , 0.000252215185418 )
( 0.172690763052 , 0.00020973476968 )
( 0.176706827309 , 0.000174863272798 )
( 0.180722891566 , 0.000146197348842 )
( 0.184738955823 , 0.000122595907909 )
( 0.18875502008 , 0.000103131152788 )
( 0.192771084337 , 8.70486211023e-05 )
( 0.196787148594 , 7.37346295802e-05 )
( 0.200803212851 , 6.26897863935e-05 )
( 0.204819277108 , 5.35074660632e-05 )
( 0.208835341365 , 4.58563342997e-05 )
( 0.212851405622 , 3.94661718556e-05 )
( 0.21686746988 , 3.41163813935e-05 )
( 0.220883534137 , 2.96266733943e-05 )
( 0.224899598394 , 2.58495197678e-05 )
( 0.228915662651 , 2.26640401354e-05 )
( 0.232931726908 , 1.99710484048e-05 )
( 0.236947791165 , 1.76890385456e-05 )
( 0.240963855422 , 1.57509303428e-05 )
( 0.244979919679 , 1.41014300144e-05 )
( 0.248995983936 , 1.2694888306e-05 )
( 0.253012048193 , 1.14935611766e-05 )
( 0.25702811245 , 1.04661964221e-05 )
( 0.261044176707 , 9.58688434773e-06 )
( 0.265060240964 , 8.83412252895e-06 )
( 0.269076305221 , 8.19005435491e-06 )
( 0.273092369478 , 7.63984883597e-06 )
( 0.277108433735 , 7.17119545796e-06 )
( 0.281124497992 , 6.77389295436e-06 )
( 0.285140562249 , 6.43951498686e-06 )
( 0.289156626506 , 6.1611390625e-06 )
( 0.293172690763 , 5.93312772835e-06 )
( 0.29718875502 , 5.75095329732e-06 )
( 0.301204819277 , 5.61105917501e-06 )
( 0.305220883534 , 5.51075235969e-06 )
( 0.309236947791 , 5.44812294657e-06 )
( 0.313253012048 , 5.42198753874e-06 )
( 0.317269076305 , 5.4318544013e-06 )
( 0.321285140562 , 5.47790903207e-06 )
( 0.325301204819 , 5.56101960131e-06 )
( 0.329317269076 , 5.68276246662e-06 )
( 0.333333333333 , 5.84546873305e-06 )
( 0.33734939759 , 6.05229363453e-06 )
( 0.341365461847 , 6.30731139823e-06 )
( 0.345381526104 , 6.61563925714e-06 )
( 0.349397590361 , 6.98359544405e-06 )
( 0.353413654618 , 7.41889738467e-06 )
( 0.357429718876 , 7.93090797286e-06 )
( 0.361445783133 , 8.5309398332e-06 )
( 0.36546184739 , 9.23262994901e-06 )
( 0.369477911647 , 1.00524000725e-05 )
( 0.373493975904 , 1.10100220786e-05 )
( 0.377510040161 , 1.21293120498e-05 )
( 0.381526104418 , 1.34389825986e-05 )
( 0.385542168675 , 1.49736900146e-05 )
( 0.389558232932 , 1.67753215824e-05 )
( 0.393574297189 , 1.88945792616e-05 )
( 0.397590361446 , 2.13929293301e-05 )
( 0.401606425703 , 2.43450041711e-05 )
( 0.40562248996 , 2.78415628501e-05 )
( 0.409638554217 , 3.19931423659e-05 )
( 0.413654618474 , 3.69345625338e-05 )
( 0.417670682731 , 4.28304856327e-05 )
( 0.421686746988 , 4.98822787701e-05 )
( 0.425702811245 , 5.83364841717e-05 )
( 0.429718875502 , 6.84952724439e-05 )
( 0.433734939759 , 8.07293387679e-05 )
( 0.437751004016 , 9.54938048497e-05 )
( 0.441767068273 , 0.00011334781358 )
( 0.44578313253 , 0.000134978652474 )
( 0.449799196787 , 0.000161231420188 )
( 0.453815261044 , 0.00019314546231 )
( 0.457831325301 , 0.000231999052872 )
( 0.461847389558 , 0.000279364091687 )
( 0.465863453815 , 0.00033717292932 )
( 0.469879518072 , 0.00040779982575 )
( 0.473895582329 , 0.00049415999897 )
( 0.477911646586 , 0.000599829727878 )
( 0.481927710843 , 0.000729191539558 )
( 0.4859437751 , 0.000887609130822 )
( 0.489959839357 , 0.00108163733972 )
( 0.493975903614 , 0.00131927318081 )
( 0.497991967871 , 0.00161025466689 )
( 0.502008032129 , 0.00196641482978 )
( 0.506024096386 , 0.00240209898098 )
( 0.510040160643 , 0.00293465376733 )
( 0.5140562249 , 0.00358499690624 )
( 0.518072289157 , 0.00437827654772 )
( 0.522088353414 , 0.00534462890385 )
( 0.526104417671 , 0.00652004199638 )
( 0.530120481928 , 0.00794733196878 )
( 0.534136546185 , 0.00967723625073 )
( 0.538152610442 , 0.0117696248076 )
( 0.542168674699 , 0.0142948266135 )
( 0.546184738956 , 0.0173350632303 )
( 0.550200803213 , 0.0209859748634 )
( 0.55421686747 , 0.0253582164422 )
( 0.558232931727 , 0.0305790921671 )
( 0.562248995984 , 0.0367941866616 )
( 0.566265060241 , 0.0441689395863 )
( 0.570281124498 , 0.0528900986358 )
( 0.574297188755 , 0.0631669737123 )
( 0.578313253012 , 0.0752324033733 )
( 0.582329317269 , 0.0893433341286 )
( 0.586345381526 , 0.105780904701 )
( 0.590361445783 , 0.124849921952 )
( 0.59437751004 , 0.146877613845 )
( 0.598393574297 , 0.1722115486 )
( 0.602409638554 , 0.201216619047 )
( 0.606425702811 , 0.23427100794 )
( 0.610441767068 , 0.271761074038 )
( 0.614457831325 , 0.314075130491 )
( 0.618473895582 , 0.361596125976 )
( 0.622489959839 , 0.414693284482 )
( 0.626506024096 , 0.473712810272 )
( 0.630522088353 , 0.538967818398 )
( 0.63453815261 , 0.610727705861 )
( 0.638554216867 , 0.68920723123 )
( 0.642570281124 , 0.774555618028 )
( 0.646586345382 , 0.866846036316 )
( 0.650602409639 , 0.966065844318 )
( 0.654618473896 , 1.07210798492 )
( 0.658634538153 , 1.18476392806 )
( 0.66265060241 , 1.3037185278 )
( 0.666666666667 , 1.42854712213 )
( 0.670682730924 , 1.55871514405 )
( 0.674698795181 , 1.69358043685 )
( 0.678714859438 , 1.83239837693 )
( 0.682730923695 , 1.97432980787 )
( 0.686746987952 , 2.11845168476 )
( 0.690763052209 , 2.26377022281 )
( 0.694779116466 , 2.40923624444 )
( 0.698795180723 , 2.55376232951 )
( 0.70281124498 , 2.6962412994 )
( 0.706827309237 , 2.83556551013 )
( 0.710843373494 , 2.9706463965 )
( 0.714859437751 , 3.10043369957 )
( 0.718875502008 , 3.22393382386 )
( 0.722891566265 , 3.34022680734 )
( 0.726907630522 , 3.44848144498 )
( 0.730923694779 , 3.54796818105 )
( 0.734939759036 , 3.63806947276 )
( 0.738955823293 , 3.71828742442 )
( 0.74297188755 , 3.78824859012 )
( 0.746987951807 , 3.84770594184 )
( 0.751004016064 , 3.89653809227 )
( 0.755020080321 , 3.93474594489 )
( 0.759036144578 , 3.96244701495 )
( 0.763052208835 , 3.97986772094 )
( 0.767068273092 , 3.98733398696 )
( 0.771084337349 , 3.9852605209 )
( 0.775100401606 , 3.97413914199 )
( 0.779116465863 , 3.9545265262 )
( 0.78313253012 , 3.92703171988 )
( 0.787148594378 , 3.89230374365 )
( 0.791164658635 , 3.85101957226 )
( 0.795180722892 , 3.8038727339 )
( 0.799196787149 , 3.75156272776 )
( 0.803212851406 , 3.69478541185 )
( 0.807228915663 , 3.63422446844 )
( 0.81124497992 , 3.57054401125 )
( 0.815261044177 , 3.50438236008 )
( 0.819277108434 , 3.43634697374 )
( 0.823293172691 , 3.3670105037 )
( 0.827309236948 , 3.29690790689 )
( 0.831325301205 , 3.22653453808 )
( 0.835341365462 , 3.15634512941 )
( 0.839357429719 , 3.08675355631 )
( 0.843373493976 , 3.01813328541 )
( 0.847389558233 , 2.95081839945 )
( 0.85140562249 , 2.88510509714 )
( 0.855421686747 , 2.82125357115 )
( 0.859437751004 , 2.75949017397 )
( 0.863453815261 , 2.70000978993 )
( 0.867469879518 , 2.64297834013 )
( 0.871485943775 , 2.5885353566 )
( 0.875502008032 , 2.53679657077 )
( 0.879518072289 , 2.48785647056 )
( 0.883534136546 , 2.44179078822 )
( 0.887550200803 , 2.39865888927 )
( 0.89156626506 , 2.35850603917 )
( 0.895582329317 , 2.32136553084 )
( 0.899598393574 , 2.28726066105 )
( 0.903614457831 , 2.25620654823 )
( 0.907630522088 , 2.2282117878 )
( 0.911646586345 , 2.20327994382 )
( 0.915662650602 , 2.18141087819 )
( 0.919678714859 , 2.1626019199 )
( 0.923694779116 , 2.14684887801 )
( 0.927710843373 , 2.13414690256 )
( 0.931726907631 , 2.12449119757 )
( 0.935742971888 , 2.11787759054 )
( 0.939759036145 , 2.11430296172 )
( 0.943775100402 , 2.11376553648 )
( 0.947791164659 , 2.11626504266 )
( 0.951807228916 , 2.12180273418 )
( 0.955823293173 , 2.1303812811 )
( 0.95983935743 , 2.14200452529 )
( 0.963855421687 , 2.15667709984 )
( 0.967871485944 , 2.17440390965 )
( 0.971887550201 , 2.19518946962 )
( 0.975903614458 , 2.2190370966 )
( 0.979919678715 , 2.24594795074 )
( 0.983935742972 , 2.27591992197 )
( 0.987951807229 , 2.30894635782 )
( 0.991967871486 , 2.34501462943 )
( 0.995983935743 , 2.3841045342 )
( 1.0 , 2.42618653518 )

True input/output:
( 0.771320643267 , 3.98485150777 )
