Prior density:
( 0.0 , 3.12974794786e-15 )
( 0.00401606425703 , 6.09605344785e-15 )
( 0.00803212851406 , 1.17974002542e-14 )
( 0.0120481927711 , 2.26841237299e-14 )
( 0.0160642570281 , 4.33367008489e-14 )
( 0.0200803212851 , 8.22598342499e-14 )
( 0.0240963855422 , 1.55137918209e-13 )
( 0.0281124497992 , 2.9070080469e-13 )
( 0.0321285140562 , 5.41218525602e-13 )
( 0.0361445783133 , 1.00114554476e-12 )
( 0.0401606425703 , 1.84000892486e-12 )
( 0.0441767068273 , 3.36001166663e-12 )
( 0.0481927710843 , 6.09620813959e-12 )
( 0.0522088353414 , 1.09894746843e-11 )
( 0.0562248995984 , 1.96830422472e-11 )
( 0.0602409638554 , 3.50272193208e-11 )
( 0.0642570281124 , 6.19323050182e-11 )
( 0.0682730923695 , 1.08799518082e-10 )
( 0.0722891566265 , 1.89904320155e-10 )
( 0.0763052208835 , 3.29337256191e-10 )
( 0.0803212851406 , 5.67472769533e-10 )
( 0.0843373493976 , 9.71510134568e-10 )
( 0.0883534136546 , 1.65252405348e-09 )
( 0.0923694779116 , 2.7928421425e-09 )
( 0.0963855421687 , 4.68967918228e-09 )
( 0.100401606426 , 7.82416542462e-09 )
( 0.104417670683 , 1.29697337132e-08 )
( 0.10843373494 , 2.13610324735e-08 )
( 0.112449799197 , 3.4955181887e-08 )
( 0.116465863454 , 5.68327979784e-08 )
( 0.120481927711 , 9.18088725929e-08 )
( 0.124497991968 , 1.47356200955e-07 )
( 0.128514056225 , 2.3499050987e-07 )
( 0.132530120482 , 3.72332011134e-07 )
( 0.136546184739 , 5.86149736466e-07 )
( 0.140562248996 , 9.16821770361e-07 )
( 0.144578313253 , 1.42481804191e-06 )
( 0.14859437751 , 2.20004740924e-06 )
( 0.152610441767 , 3.37522569625e-06 )
( 0.156626506024 , 5.14483846081e-06 )
( 0.160642570281 , 7.791818236e-06 )
( 0.164658634538 , 1.17247617913e-05 )
( 0.168674698795 , 1.75294136104e-05 )
( 0.172690763052 , 2.60392753559e-05 )
( 0.176706827309 , 3.84316070431e-05 )
( 0.180722891566 , 5.6356802086e-05 )
( 0.184738955823 , 8.21111780831e-05 )
( 0.18875502008 , 0.000118865650165 )
( 0.192771084337 , 0.000170965547947 )
( 0.196787148594 , 0.000244319977791 )
( 0.200803212851 , 0.000346902558824 )
( 0.204819277108 , 0.000489388964231 )
( 0.208835341365 , 0.00068596030629 )
( 0.212851405622 , 0.00095530476696 )
( 0.21686746988 , 0.00132185266096 )
( 0.220883534137 , 0.00181728189515 )
( 0.224899598394 , 0.00248233102784 )
( 0.228915662651 , 0.00336895521152 )
( 0.232931726908 , 0.00454285551785 )
( 0.236947791165 , 0.0060864037411 )
( 0.240963855422 , 0.00810197198656 )
( 0.244979919679 , 0.0107156584616 )
( 0.248995983936 , 0.0140813773044 )
( 0.253012048193 , 0.0183852506428 )
( 0.25702811245 , 0.0238502053186 )
( 0.261044176707 , 0.0307406352344 )
( 0.265060240964 , 0.0393669440097 )
( 0.269076305221 , 0.0500897331441 )
( 0.273092369478 , 0.06332335047 )
( 0.277108433735 , 0.0795384653627 )
( 0.281124497992 , 0.0992632947201 )
( 0.285140562249 , 0.123083071487 )
( 0.289156626506 , 0.151637330322 )
( 0.293172690763 , 0.185614587874 )
( 0.29718875502 , 0.225744022914 )
( 0.301204819277 , 0.272783818506 )
( 0.305220883534 , 0.32750591773 )
( 0.309236947791 , 0.390677067826 )
( 0.313253012048 , 0.463036184645 )
( 0.317269076305 , 0.545268257174 )
( 0.321285140562 , 0.637975225031 )
( 0.325301204819 , 0.741644491811 )
( 0.329317269076 , 0.856615972798 )
( 0.333333333333 , 0.983048803091 )
( 0.33734939759 , 1.12088903622 )
( 0.341365461847 , 1.26983982726 )
( 0.345381526104 , 1.42933570202 )
( 0.349397590361 , 1.59852254971 )
( 0.353413654618 , 1.7762449289 )
( 0.357429718876 , 1.96104213638 )
( 0.361445783133 , 2.15115425314 )
( 0.36546184739 , 2.34453905369 )
( 0.369477911647 , 2.53890025407 )
( 0.373493975904 , 2.73172709536 )
( 0.377510040161 , 2.92034473664 )
( 0.381526104418 , 3.10197439022 )
( 0.385542168675 , 3.27380160386 )
( 0.389558232932 , 3.43305061197 )
( 0.393574297189 , 3.57706227121 )
( 0.397590361446 , 3.70337279521 )
( 0.401606425703 , 3.80979033027 )
( 0.40562248996 , 3.89446638512 )
( 0.409638554217 , 3.95595925056 )
( 0.413654618474 , 3.99328681513 )
( 0.417670682731 , 4.00596658939 )
( 0.421686746988 , 3.99404127113 )
( 0.425702811245 , 3.95808878794 )
( 0.429718875502 , 3.89921640576 )
( 0.433734939759 , 3.81903915512 )
( 0.437751004016 , 3.71964345999 )
( 0.441767068273 , 3.60353742367 )
( 0.44578313253 , 3.47358969868 )
( 0.449799196787 , 3.33295922218 )
( 0.453815261044 , 3.18501831877 )
( 0.457831325301 , 3.0332717569 )
( 0.461847389558 , 2.88127429729 )
( 0.465863453815 , 2.73254910868 )
( 0.469879518072 , 2.5905091699 )
( 0.473895582329 , 2.45838345505 )
( 0.477911646586 , 2.33914934298 )
( 0.481927710843 , 2.23547233161 )
( 0.4859437751 , 2.14965380187 )
( 0.489959839357 , 2.08358728571 )
( 0.493975903614 , 2.03872346566 )
( 0.497991967871 , 2.01604397448 )
( 0.502008032129 , 2.01604397448 )
( 0.506024096386 , 2.03872346566 )
( 0.510040160643 , 2.08358728571 )
( 0.5140562249 , 2.14965380187 )
( 0.518072289157 , 2.23547233161 )
( 0.522088353414 , 2.33914934298 )
( 0.526104417671 , 2.45838345505 )
( 0.530120481928 , 2.5905091699 )
( 0.534136546185 , 2.73254910868 )
( 0.538152610442 , 2.88127429729 )
( 0.542168674699 , 3.0332717569 )
( 0.546184738956 , 3.18501831877 )
( 0.550200803213 , 3.33295922218 )
( 0.55421686747 , 3.47358969868 )
( 0.558232931727 , 3.60353742367 )
( 0.562248995984 , 3.71964345999 )
( 0.566265060241 , 3.81903915512 )
( 0.570281124498 , 3.89921640576 )
( 0.574297188755 , 3.95808878794 )
( 0.578313253012 , 3.99404127113 )
( 0.582329317269 , 4.00596658939 )
( 0.586345381526 , 3.99328681513 )
( 0.590361445783 , 3.95595925056 )
( 0.59437751004 , 3.89446638512 )
( 0.598393574297 , 3.80979033027 )
( 0.602409638554 , 3.70337279521 )
( 0.606425702811 , 3.57706227121 )
( 0.610441767068 , 3.43305061197 )
( 0.614457831325 , 3.27380160386 )
( 0.618473895582 , 3.10197439022 )
( 0.622489959839 , 2.92034473664 )
( 0.626506024096 , 2.73172709536 )
( 0.630522088353 , 2.53890025407 )
( 0.63453815261 , 2.34453905369 )
( 0.638554216867 , 2.15115425314 )
( 0.642570281124 , 1.96104213638 )
( 0.646586345382 , 1.7762449289 )
( 0.650602409639 , 1.59852254971 )
( 0.654618473896 , 1.42933570202 )
( 0.658634538153 , 1.26983982726 )
( 0.66265060241 , 1.12088903622 )
( 0.666666666667 , 0.983048803091 )
( 0.670682730924 , 0.856615972798 )
( 0.674698795181 , 0.741644491811 )
( 0.678714859438 , 0.637975225031 )
( 0.682730923695 , 0.545268257174 )
( 0.686746987952 , 0.463036184645 )
( 0.690763052209 , 0.390677067826 )
( 0.694779116466 , 0.32750591773 )
( 0.698795180723 , 0.272783818506 )
( 0.70281124498 , 0.225744022914 )
( 0.706827309237 , 0.185614587874 )
( 0.710843373494 , 0.151637330322 )
( 0.714859437751 , 0.123083071487 )
( 0.718875502008 , 0.0992632947201 )
( 0.722891566265 , 0.0795384653627 )
( 0.726907630522 , 0.06332335047 )
( 0.730923694779 , 0.0500897331441 )
( 0.734939759036 , 0.0393669440097 )
( 0.738955823293 , 0.0307406352344 )
( 0.74297188755 , 0.0238502053186 )
( 0.746987951807 , 0.0183852506428 )
( 0.751004016064 , 0.0140813773044 )
( 0.755020080321 , 0.0107156584616 )
( 0.759036144578 , 0.00810197198656 )
( 0.763052208835 , 0.0060864037411 )
( 0.767068273092 , 0.00454285551785 )
( 0.771084337349 , 0.00336895521152 )
( 0.775100401606 , 0.00248233102784 )
( 0.779116465863 , 0.00181728189515 )
( 0.78313253012 , 0.00132185266096 )
( 0.787148594378 , 0.00095530476696 )
( 0.791164658635 , 0.00068596030629 )
( 0.795180722892 , 0.000489388964231 )
( 0.799196787149 , 0.000346902558824 )
( 0.803212851406 , 0.000244319977791 )
( 0.807228915663 , 0.000170965547947 )
( 0.81124497992 , 0.000118865650165 )
( 0.815261044177 , 8.21111780831e-05 )
( 0.819277108434 , 5.6356802086e-05 )
( 0.823293172691 , 3.84316070431e-05 )
( 0.827309236948 , 2.60392753559e-05 )
( 0.831325301205 , 1.75294136104e-05 )
( 0.835341365462 , 1.17247617913e-05 )
( 0.839357429719 , 7.791818236e-06 )
( 0.843373493976 , 5.14483846081e-06 )
( 0.847389558233 , 3.37522569625e-06 )
( 0.85140562249 , 2.20004740924e-06 )
( 0.855421686747 , 1.42481804191e-06 )
( 0.859437751004 , 9.16821770361e-07 )
( 0.863453815261 , 5.86149736466e-07 )
( 0.867469879518 , 3.72332011134e-07 )
( 0.871485943775 , 2.3499050987e-07 )
( 0.875502008032 , 1.47356200955e-07 )
( 0.879518072289 , 9.18088725929e-08 )
( 0.883534136546 , 5.68327979784e-08 )
( 0.887550200803 , 3.4955181887e-08 )
( 0.89156626506 , 2.13610324735e-08 )
( 0.895582329317 , 1.29697337132e-08 )
( 0.899598393574 , 7.82416542462e-09 )
( 0.903614457831 , 4.68967918228e-09 )
( 0.907630522088 , 2.7928421425e-09 )
( 0.911646586345 , 1.65252405348e-09 )
( 0.915662650602 , 9.71510134568e-10 )
( 0.919678714859 , 5.67472769533e-10 )
( 0.923694779116 , 3.29337256191e-10 )
( 0.927710843373 , 1.89904320155e-10 )
( 0.931726907631 , 1.08799518082e-10 )
( 0.935742971888 , 6.19323050182e-11 )
( 0.939759036145 , 3.50272193208e-11 )
( 0.943775100402 , 1.96830422472e-11 )
( 0.947791164659 , 1.09894746843e-11 )
( 0.951807228916 , 6.09620813959e-12 )
( 0.955823293173 , 3.36001166663e-12 )
( 0.95983935743 , 1.84000892486e-12 )
( 0.963855421687 , 1.00114554476e-12 )
( 0.967871485944 , 5.41218525602e-13 )
( 0.971887550201 , 2.9070080469e-13 )
( 0.975903614458 , 1.55137918209e-13 )
( 0.979919678715 , 8.22598342499e-14 )
( 0.983935742972 , 4.33367008489e-14 )
( 0.987951807229 , 2.26841237299e-14 )
( 0.991967871486 , 1.17974002542e-14 )
( 0.995983935743 , 6.09605344785e-15 )
( 1.0 , 3.12974794786e-15 )

Posterior density:
( 0.0 , 7.70589358601e-16 )
( 0.00401606425703 , 1.69545832202e-15 )
( 0.00803212851406 , 3.6912900338e-15 )
( 0.0120481927711 , 7.95204285819e-15 )
( 0.0160642570281 , 1.69501726273e-14 )
( 0.0200803212851 , 3.57480718003e-14 )
( 0.0240963855422 , 7.45942296066e-14 )
( 0.0281124497992 , 1.54001802357e-13 )
( 0.0321285140562 , 3.14565414418e-13 )
( 0.0361445783133 , 6.35711617883e-13 )
( 0.0401606425703 , 1.27108763862e-12 )
( 0.0441767068273 , 2.51455935907e-12 )
( 0.0481927710843 , 4.92183335536e-12 )
( 0.0522088353414 , 9.5319278969e-12 )
( 0.0562248995984 , 1.82656967125e-11 )
( 0.0602409638554 , 3.46344875617e-11 )
( 0.0642570281124 , 6.49854619831e-11 )
( 0.0682730923695 , 1.20664334199e-10 )
( 0.0722891566265 , 2.21727541023e-10 )
( 0.0763052208835 , 4.0323985537e-10 )
( 0.0803212851406 , 7.25834658003e-10 )
( 0.0843373493976 , 1.29321862027e-09 )
( 0.0883534136546 , 2.28085605982e-09 )
( 0.0923694779116 , 3.98243991261e-09 )
( 0.0963855421687 , 6.88433075659e-09 )
( 0.100401606426 , 1.17834640743e-08 )
( 0.104417670683 , 1.99720397952e-08 )
( 0.10843373494 , 3.35236427173e-08 )
( 0.112449799197 , 5.57316773722e-08 )
( 0.116465863454 , 9.17739639338e-08 )
( 0.120481927711 , 1.49709416368e-07 )
( 0.124497991968 , 2.41956969474e-07 )
( 0.128514056225 , 3.87467201152e-07 )
( 0.132530120482 , 6.14878208029e-07 )
( 0.136546184739 , 9.67055092949e-07 )
( 0.140562248996 , 1.50755393206e-06 )
( 0.144578313253 , 2.32973456429e-06 )
( 0.14859437751 , 3.56948150077e-06 )
( 0.152610441767 , 5.42278940772e-06 )
( 0.156626506024 , 8.16984075313e-06 )
( 0.160642570281 , 1.22076609019e-05 )
( 0.164658634538 , 1.8093993152e-05 )
( 0.168674698795 , 2.66057056836e-05 )
( 0.172690763052 , 3.88158359327e-05 )
( 0.176706827309 , 5.61943053155e-05 )
( 0.180722891566 , 8.07384051866e-05 )
( 0.184738955823 , 0.000115140365425 )
( 0.18875502008 , 0.000163000665859 )
( 0.192771084337 , 0.000229097225365 )
( 0.196787148594 , 0.000319722181137 )
( 0.200803212851 , 0.000443099615944 )
( 0.204819277108 , 0.000609899253768 )
( 0.208835341365 , 0.000833862756404 )
( 0.212851405622 , 0.00113256072766 )
( 0.21686746988 , 0.00152829975836 )
( 0.220883534137 , 0.00204919969067 )
( 0.224899598394 , 0.00273046158614 )
( 0.228915662651 , 0.0036158464627 )
( 0.232931726908 , 0.00475938351271 )
( 0.236947791165 , 0.00622732399235 )
( 0.240963855422 , 0.00810035302831 )
( 0.244979919679 , 0.0104760659529 )
( 0.248995983936 , 0.0134717081788 )
( 0.253012048193 , 0.0172271677891 )
( 0.25702811245 , 0.0219081977028 )
( 0.261044176707 , 0.027709829268 )
( 0.265060240964 , 0.0348599212902 )
( 0.269076305221 , 0.0436227677756 )
( 0.273092369478 , 0.0543026641195 )
( 0.277108433735 , 0.0672473053424 )
( 0.281124497992 , 0.0828508616986 )
( 0.285140562249 , 0.101556547233 )
( 0.289156626506 , 0.123858466604 )
( 0.293172690763 , 0.150302495986 )
( 0.29718875502 , 0.181485926786 )
( 0.301204819277 , 0.218055578155 )
( 0.305220883534 , 0.260704068313 )
( 0.309236947791 , 0.310163928118 )
( 0.313253012048 , 0.36719924609 )
( 0.317269076305 , 0.432594555388 )
( 0.321285140562 , 0.507140713179 )
( 0.325301204819 , 0.591617584403 )
( 0.329317269076 , 0.686773427805 )
( 0.333333333333 , 0.793300994096 )
( 0.33734939759 , 0.911810485162 )
( 0.341365461847 , 1.04279968891 )
( 0.345381526104 , 1.18662179433 )
( 0.349397590361 , 1.34345160137 )
( 0.353413654618 , 1.51325106384 )
( 0.357429718876 , 1.69573533111 )
( 0.361445783133 , 1.89034067454 )
( 0.36546184739 , 2.09619588294 )
( 0.369477911647 , 2.3120988715 )
( 0.373493975904 , 2.53650035327 )
( 0.377510040161 , 2.76749645258 )
( 0.381526104418 , 3.00283207956 )
( 0.385542168675 , 3.23991671728 )
( 0.389558232932 , 3.47585398821 )
( 0.393574297189 , 3.7074859578 )
( 0.397590361446 , 3.93145260144 )
( 0.401606425703 , 4.14426621643 )
( 0.40562248996 , 4.34239982168 )
( 0.409638554217 , 4.52238778354 )
( 0.413654618474 , 4.68093607305 )
( 0.417670682731 , 4.815038745 )
( 0.421686746988 , 4.92209648147 )
( 0.425702811245 , 5.00003241764 )
( 0.429718875502 , 5.04740001636 )
( 0.433734939759 , 5.06347752824 )
( 0.437751004016 , 5.04834360448 )
( 0.441767068273 , 5.00292894447 )
( 0.44578313253 , 4.92903947087 )
( 0.449799196787 , 4.82934742303 )
( 0.453815261044 , 4.70734792111 )
( 0.457831325301 , 4.56727993813 )
( 0.461847389558 , 4.41401216932 )
( 0.465863453815 , 4.25289594416 )
( 0.469879518072 , 4.08958901279 )
( 0.473895582329 , 3.92985568115 )
( 0.477911646586 , 3.77935029037 )
( 0.481927710843 , 3.64339236249 )
( 0.4859437751 , 3.52674279319 )
( 0.489959839357 , 3.43339119291 )
( 0.493975903614 , 3.36636479417 )
( 0.497991967871 , 3.3275691921 )
( 0.502008032129 , 3.31767051282 )
( 0.506024096386 , 3.33602736761 )
( 0.510040160643 , 3.38067913084 )
( 0.5140562249 , 3.44839468662 )
( 0.518072289157 , 3.53478287917 )
( 0.522088353414 , 3.63446258111 )
( 0.526104417671 , 3.74128672817 )
( 0.530120481928 , 3.84861108101 )
( 0.534136546185 , 3.94959513334 )
( 0.538152610442 , 4.03751978825 )
( 0.542168674699 , 4.10610446622 )
( 0.546184738956 , 4.14980544846 )
( 0.550200803213 , 4.16407768437 )
( 0.55421686747 , 4.14558408165 )
( 0.558232931727 , 4.09233940204 )
( 0.562248995984 , 4.00378011505 )
( 0.566265060241 , 3.88075659598 )
( 0.570281124498 , 3.72544946941 )
( 0.574297188755 , 3.54121721106 )
( 0.578313253012 , 3.33238684102 )
( 0.582329317269 , 3.10400323217 )
( 0.586345381526 , 2.86155488841 )
( 0.590361445783 , 2.61069483164 )
( 0.59437751004 , 2.35697445404 )
( 0.598393574297 , 2.10560598885 )
( 0.602409638554 , 1.86126591607 )
( 0.606425702811 , 1.62794753878 )
( 0.610441767068 , 1.40886658186 )
( 0.614457831325 , 1.20641941345 )
( 0.618473895582 , 1.02218975047 )
( 0.622489959839 , 0.85699677195 )
( 0.626506024096 , 0.710975597258 )
( 0.630522088353 , 0.583680139774 )
( 0.63453815261 , 0.474198357791 )
( 0.638554216867 , 0.381270740906 )
( 0.642570281124 , 0.303404283601 )
( 0.646586345382 , 0.23897597354 )
( 0.650602409639 , 0.186321732418 )
( 0.654618473896 , 0.143808593937 )
( 0.658634538153 , 0.109889534827 )
( 0.66265060241 , 0.0831416925291 )
( 0.666666666667 , 0.0622896614192 )
( 0.670682730924 , 0.0462161584032 )
( 0.674698795181 , 0.0339626235423 )
( 0.678714859438 , 0.024722329778 )
( 0.682730923695 , 0.0178283865408 )
( 0.686746987952 , 0.0127387042768 )
( 0.690763052209 , 0.00901960325484 )
( 0.694779116466 , 0.00632935148366 )
( 0.698795180723 , 0.00440254083191 )
( 0.70281124498 , 0.00303588178683 )
( 0.706827309237 , 0.00207572825186 )
( 0.710843373494 , 0.00140743751271 )
( 0.714859437751 , 0.000946523449579 )
( 0.718875502008 , 0.000631465531531 )
( 0.722891566265 , 0.000417982378815 )
( 0.726907630522 , 0.000274556631527 )
( 0.730923694779 , 0.00017899816852 )
( 0.734939759036 , 0.000115847407378 )
( 0.738955823293 , 7.44431565157e-05 )
( 0.74297188755 , 4.7505594897e-05 )
( 0.746987951807 , 3.0111201856e-05 )
( 0.751004016064 , 1.89608377169e-05 )
( 0.755020080321 , 1.18636034646e-05 )
( 0.759036144578 , 7.37716782006e-06 )
( 0.763052208835 , 4.5599649122e-06 )
( 0.767068273092 , 2.8023183017e-06 )
( 0.771084337349 , 1.71254988808e-06 )
( 0.775100401606 , 1.04093766834e-06 )
( 0.779116465863 , 6.29430781028e-07 )
( 0.78313253012 , 3.78703242998e-07 )
( 0.787148594378 , 2.26758605855e-07 )
( 0.791164658635 , 1.35153691478e-07 )
( 0.795180722892 , 8.02004377157e-08 )
( 0.799196787149 , 4.73909146274e-08 )
( 0.803212851406 , 2.78912001696e-08 )
( 0.807228915663 , 1.63522151393e-08 )
( 0.81124497992 , 9.55225577914e-09 )
( 0.815261044177 , 5.56079629696e-09 )
( 0.819277108434 , 3.22663906304e-09 )
( 0.823293172691 , 1.86648983737e-09 )
( 0.827309236948 , 1.07656660338e-09 )
( 0.831325301205 , 6.19259949258e-10 )
( 0.835341365462 , 3.55301604469e-10 )
( 0.839357429719 , 2.03370089271e-10 )
( 0.843373493976 , 1.1614877834e-10 )
( 0.847389558233 , 6.61987762942e-11 )
( 0.85140562249 , 3.76583412637e-11 )
( 0.855421686747 , 2.13852561337e-11 )
( 0.859437751004 , 1.2124777603e-11 )
( 0.863453815261 , 6.86437433881e-12 )
( 0.867469879518 , 3.88110581035e-12 )
( 0.871485943775 , 2.19176737347e-12 )
( 0.875502008032 , 1.23643849163e-12 )
( 0.879518072289 , 6.96853913162e-13 )
( 0.883534136546 , 3.92420417648e-13 )
( 0.887550200803 , 2.20825303537e-13 )
( 0.89156626506 , 1.24187379294e-13 )
( 0.895582329317 , 6.98037323776e-14 )
( 0.899598393574 , 3.92184717906e-14 )
( 0.903614457831 , 2.20266711899e-14 )
( 0.907630522088 , 1.2367604771e-14 )
( 0.911646586345 , 6.94272816701e-15 )
( 0.915662650602 , 3.89680597239e-15 )
( 0.919678714859 , 2.18697875025e-15 )
( 0.923694779116 , 1.22731898676e-15 )
( 0.927710843373 , 6.88754129846e-16 )
( 0.931726907631 , 3.86525730637e-16 )
( 0.935742971888 , 2.16925378678e-16 )
( 0.939759036145 , 1.21749494579e-16 )
( 0.943775100402 , 6.83364876122e-17 )
( 0.947791164659 , 3.8359010797e-17 )
( 0.951807228916 , 2.15332073811e-17 )
( 0.955823293173 , 1.20884519219e-17 )
( 0.95983935743 , 6.78647273931e-18 )
( 0.963855421687 , 3.80992625973e-18 )
( 0.967871485944 , 2.13881114735e-18 )
( 0.971887550201 , 1.20058493878e-18 )
( 0.975903614458 , 6.73838678599e-19 )
( 0.979919678715 , 3.78125922283e-19 )
( 0.983935742972 , 2.12132014666e-19 )
( 0.987951807229 , 1.18969039648e-19 )
( 0.991967871486 , 6.66937876332e-20 )
( 0.995983935743 , 3.73700129259e-20 )
( 1.0 , 2.09270204186e-20 )

True input/output:
( 0.417022004703 , 4.79514730053 )

Cond mean:
 0.481222567509

MAP:
 0.433734939759
