0.000000000000000000e+00 5.011889932273436710e-01
1.010101010101010187e-02 3.991583931429824594e-01
2.020202020202020374e-02 2.976172709207672296e-01
3.030303030303030387e-02 2.161117438159248783e-01
4.040404040404040747e-02 2.420993230310961863e-01
5.050505050505051108e-02 3.753023229147464668e-01
6.060606060606060774e-02 4.432676184737435743e-01
7.070707070707071829e-02 5.253822678580561956e-01
8.080808080808081495e-02 3.310352305237230230e-01
9.090909090909091161e-02 3.361240819333838337e-01
1.010101010101010222e-01 5.111970891523917038e-01
1.111111111111111188e-01 6.390458055642366242e-01
1.212121212121212155e-01 6.737293230299415958e-01
1.313131313131313260e-01 7.980513105803540563e-01
1.414141414141414366e-01 7.130135406808356668e-01
1.515151515151515194e-01 6.145470715957109809e-01
1.616161616161616299e-01 8.484749362303779519e-01
1.717171717171717404e-01 9.606927674013480134e-01
1.818181818181818232e-01 1.178071718567426762e+00
1.919191919191919338e-01 1.278744289535703960e+00
2.020202020202020443e-01 1.317415744406741807e+00
2.121212121212121271e-01 1.248596998032319716e+00
2.222222222222222376e-01 1.232552571621797100e+00
2.323232323232323482e-01 1.222689492421233259e+00
2.424242424242424310e-01 1.028580432771415865e+00
2.525252525252525415e-01 1.008592998281039543e+00
2.626262626262626521e-01 9.441914598767383593e-01
2.727272727272727626e-01 5.728763922669847242e-01
2.828282828282828731e-01 4.681575124674544064e-01
2.929292929292929282e-01 6.061349022603921277e-01
3.030303030303030387e-01 6.053119799567975301e-01
3.131313131313131493e-01 6.716260419764773504e-01
3.232323232323232598e-01 5.677022801675035701e-01
3.333333333333333703e-01 4.969642220032264301e-01
3.434343434343434809e-01 5.429360273117628255e-01
3.535353535353535914e-01 3.312410454550425154e-01
3.636363636363636465e-01 4.809095980387176339e-01
3.737373737373737570e-01 2.784521955559049466e-01
3.838383838383838675e-01 2.456560330276486293e-01
3.939393939393939781e-01 1.345450110684695555e-01
4.040404040404040886e-01 7.412737965496175169e-03
4.141414141414141992e-01 -1.347078038335582650e-01
4.242424242424242542e-01 -3.456744122656301155e-01
4.343434343434343647e-01 -2.863441287750322362e-01
4.444444444444444753e-01 -2.802852345685042379e-01
4.545454545454545858e-01 -4.298578050498703673e-01
4.646464646464646964e-01 -2.414199602848972892e-01
4.747474747474748069e-01 -4.808323994783949562e-01
4.848484848484848619e-01 -4.381787627727922740e-01
4.949494949494949725e-01 -4.674897624616277669e-01
5.050505050505050830e-01 -3.162292547151973610e-01
5.151515151515152491e-01 -3.717639585539926350e-01
5.252525252525253041e-01 -5.892422423986897195e-01
5.353535353535353591e-01 -7.788102183657316102e-01
5.454545454545455252e-01 -5.924910353588631606e-01
5.555555555555555802e-01 -4.454926422230852112e-01
5.656565656565657463e-01 -5.138569168801889742e-01
5.757575757575758013e-01 -3.889264009704076486e-01
5.858585858585858563e-01 -6.574812326317246436e-01
5.959595959595960224e-01 -8.210541751738614780e-01
6.060606060606060774e-01 -6.355828170401169874e-01
6.161616161616162435e-01 -6.042391803222829649e-01
6.262626262626262985e-01 -4.796355440997314146e-01
6.363636363636364646e-01 -4.384197444905945096e-01
6.464646464646465196e-01 -1.882998340151897376e-01
6.565656565656565746e-01 -1.829395610571779573e-01
6.666666666666667407e-01 -1.063342082379957754e-01
6.767676767676767957e-01 5.346856593016240111e-02
6.868686868686869618e-01 3.099378026663794361e-01
6.969696969696970168e-01 5.677125140898857669e-01
7.070707070707071829e-01 7.155070154802911642e-01
7.171717171717172379e-01 4.939664053450031345e-01
7.272727272727272929e-01 5.669316869311642471e-01
7.373737373737374590e-01 5.893701443263681394e-01
7.474747474747475140e-01 6.457359330440459733e-01
7.575757575757576801e-01 3.417778936654182198e-01
7.676767676767677351e-01 4.886994594149899340e-01
7.777777777777777901e-01 2.817702641314230871e-01
7.878787878787879562e-01 4.969757686468772029e-01
7.979797979797980112e-01 4.054026161907987036e-01
8.080808080808081773e-01 3.744798219629436042e-01
8.181818181818182323e-01 2.938437411208709160e-01
8.282828282828283983e-01 4.110885463751590696e-01
8.383838383838384534e-01 4.928754375843552582e-01
8.484848484848485084e-01 6.590682005555066336e-01
8.585858585858586745e-01 6.095495164097035623e-01
8.686868686868687295e-01 6.999242706088629751e-01
8.787878787878788955e-01 7.529640178251073568e-01
8.888888888888889506e-01 8.730889538457573540e-01
8.989898989898991166e-01 1.046384267051919448e+00
9.090909090909091717e-01 9.652173662902537865e-01
9.191919191919192267e-01 1.262105106044155933e+00
9.292929292929293927e-01 1.306529423036454141e+00
9.393939393939394478e-01 1.158221842064511842e+00
9.494949494949496138e-01 1.171006421701216160e+00
9.595959595959596689e-01 9.744043885350672785e-01
9.696969696969697239e-01 9.171679207143316193e-01
9.797979797979798899e-01 1.320219401300532613e+00
9.898989898989899450e-01 1.185470174047873693e+00
1.000000000000000000e+00 1.185159187512929924e+00
