0.000000000000000000e+00 1.267841486918683591e+00
1.010101010101010187e-02 1.232262408771001239e+00
2.020202020202020374e-02 8.996958959906301567e-01
3.030303030303030387e-02 9.326462382635848369e-01
4.040404040404040747e-02 1.012134801889936764e+00
5.050505050505051108e-02 1.137026259039398468e+00
6.060606060606060774e-02 8.056231081742835087e-01
7.070707070707071829e-02 6.652674711357960957e-01
8.080808080808081495e-02 7.919033641463112394e-01
9.090909090909091161e-02 7.330747086484475927e-01
1.010101010101010222e-01 9.693693341092483040e-01
1.111111111111111188e-01 8.285111078938025564e-01
1.212121212121212155e-01 7.447580839441209077e-01
1.313131313131313260e-01 7.036200671852180788e-01
1.414141414141414366e-01 9.080626874307585750e-01
1.515151515151515194e-01 9.796242615339534332e-01
1.616161616161616299e-01 1.254748401615655595e+00
1.717171717171717404e-01 1.125567025795586540e+00
1.818181818181818232e-01 1.165533351648340377e+00
1.919191919191919338e-01 1.391244032252383800e+00
2.020202020202020443e-01 1.435409104415009240e+00
2.121212121212121271e-01 1.464976080389455593e+00
2.222222222222222376e-01 1.419666398955746089e+00
2.323232323232323482e-01 1.382007142988753268e+00
2.424242424242424310e-01 1.480217561238956758e+00
2.525252525252525415e-01 1.599242802845081135e+00
2.626262626262626521e-01 1.452008958809150485e+00
2.727272727272727626e-01 1.541100837827355408e+00
2.828282828282828731e-01 1.527286240981273968e+00
2.929292929292929282e-01 1.270015474457407478e+00
3.030303030303030387e-01 1.252101743386579535e+00
3.131313131313131493e-01 1.162119399843026146e+00
3.232323232323232598e-01 1.290114537313186149e+00
3.333333333333333703e-01 1.239977814770442777e+00
3.434343434343434809e-01 1.155382843224686429e+00
3.535353535353535914e-01 1.324400714689060177e+00
3.636363636363636465e-01 1.244897399853994946e+00
3.737373737373737570e-01 1.465826848557101325e+00
3.838383838383838675e-01 1.600701503537541814e+00
3.939393939393939781e-01 1.521300100554105361e+00
4.040404040404040886e-01 1.318590806790396197e+00
4.141414141414141992e-01 1.095404253854999288e+00
4.242424242424242542e-01 1.168237933106206494e+00
4.343434343434343647e-01 9.638380193924218631e-01
4.444444444444444753e-01 9.427477228161985634e-01
4.545454545454545858e-01 1.112414429268012261e+00
4.646464646464646964e-01 1.022220240523863621e+00
4.747474747474748069e-01 1.093853373778388205e+00
4.848484848484848619e-01 1.224808363707373005e+00
4.949494949494949725e-01 1.184940439921581934e+00
5.050505050505050830e-01 1.067330432043461119e+00
5.151515151515152491e-01 8.998460971692792132e-01
5.252525252525253041e-01 9.347728564208411806e-01
5.353535353535353591e-01 1.140047032002366123e+00
5.454545454545455252e-01 1.153169591119665549e+00
5.555555555555555802e-01 1.170206594661793442e+00
5.656565656565657463e-01 1.152410165866615488e+00
5.757575757575758013e-01 1.234661352558568126e+00
5.858585858585858563e-01 1.115190106905897371e+00
5.959595959595960224e-01 1.039412120229579184e+00
6.060606060606060774e-01 8.272263975131635139e-01
6.161616161616162435e-01 6.338504955761103954e-01
6.262626262626262985e-01 6.472985793137429056e-01
6.363636363636364646e-01 6.439139908402664592e-01
6.464646464646465196e-01 7.822901414979366308e-01
6.565656565656565746e-01 6.300242115390848330e-01
6.666666666666667407e-01 5.458256191717408834e-01
6.767676767676767957e-01 5.224706230224298587e-01
6.868686868686869618e-01 5.517667742968427325e-01
6.969696969696970168e-01 4.346209679892541478e-01
7.070707070707071829e-01 4.164417901732960225e-01
7.171717171717172379e-01 3.780018509174705166e-01
7.272727272727272929e-01 5.196774105950449085e-01
7.373737373737374590e-01 3.210163486191215942e-01
7.474747474747475140e-01 4.347627102635869267e-01
7.575757575757576801e-01 3.553791372730894516e-01
7.676767676767677351e-01 4.775842050604087174e-01
7.777777777777777901e-01 4.730164873217696520e-01
7.878787878787879562e-01 3.013396234854548994e-01
7.979797979797980112e-01 5.662626093775967595e-01
8.080808080808081773e-01 4.622076948321582335e-01
8.181818181818182323e-01 6.126284928986025502e-01
8.282828282828283983e-01 7.643134307490118129e-01
8.383838383838384534e-01 8.441688627976565718e-01
8.484848484848485084e-01 6.696622578982583951e-01
8.585858585858586745e-01 6.262687112468864337e-01
8.686868686868687295e-01 6.633958060025562098e-01
8.787878787878788955e-01 8.730353702089712620e-01
8.888888888888889506e-01 8.835475422077702090e-01
8.989898989898991166e-01 8.846651166144664513e-01
9.090909090909091717e-01 8.630902519168992537e-01
9.191919191919192267e-01 6.914797417000457802e-01
9.292929292929293927e-01 7.615744039541891830e-01
9.393939393939394478e-01 1.000516539161353968e+00
9.494949494949496138e-01 1.323601747857918287e+00
9.595959595959596689e-01 1.314911471784464547e+00
9.696969696969697239e-01 1.502555342587757359e+00
9.797979797979798899e-01 1.537534702535515718e+00
9.898989898989899450e-01 1.381181788034542057e+00
1.000000000000000000e+00 1.510590961565261292e+00
