0.000000000000000000e+00 -5.433440565900093944e-01
1.010101010101010187e-02 -5.328449260610212956e-01
2.020202020202020374e-02 -5.222443488997235983e-01
3.030303030303030387e-02 -5.115483304436683198e-01
4.040404040404040747e-02 -5.007627656588367060e-01
5.050505050505051108e-02 -4.898944734889717489e-01
6.060606060606060774e-02 -4.789491366616592249e-01
7.070707070707071829e-02 -4.679328220922851500e-01
8.080808080808081495e-02 -4.568522604801564801e-01
9.090909090909091161e-02 -4.457131151036345940e-01
1.010101010101010222e-01 -4.345219576101231329e-01
1.111111111111111188e-01 -4.232852064766393085e-01
1.212121212121212155e-01 -4.120084472693111843e-01
1.313131313131313260e-01 -4.006982645562912060e-01
1.414141414141414366e-01 -3.893610752201758229e-01
1.515151515151515194e-01 -3.780030281427955163e-01
1.616161616161616299e-01 -3.666299276517011041e-01
1.717171717171717404e-01 -3.552486052665669858e-01
1.818181818181818232e-01 -3.438649361460024978e-01
1.919191919191919338e-01 -3.324847696568871691e-01
2.020202020202020443e-01 -3.211146206042506668e-01
2.121212121212121271e-01 -3.097607667860515779e-01
2.222222222222222376e-01 -2.984289845438573008e-01
2.323232323232323482e-01 -2.871258728208329059e-01
2.424242424242424310e-01 -2.758568996702879250e-01
2.525252525252525415e-01 -2.646283871650946251e-01
2.626262626262626521e-01 -2.534464138113268206e-01
2.727272727272727626e-01 -2.423168043487909096e-01
2.828282828282828731e-01 -2.312456349651880183e-01
2.929292929292929282e-01 -2.202388110270134536e-01
3.030303030303030387e-01 -2.093020081668110766e-01
3.131313131313131493e-01 -1.984413698569232054e-01
3.232323232323232598e-01 -1.876623270588100856e-01
3.333333333333333703e-01 -1.769710524908557348e-01
3.434343434343434809e-01 -1.663726613159549061e-01
3.535353535353535914e-01 -1.558730545265361311e-01
3.636363636363636465e-01 -1.454781862164700179e-01
3.737373737373737570e-01 -1.351931728186697990e-01
3.838383838383838675e-01 -1.250236163105618581e-01
3.939393939393939781e-01 -1.149747244706435245e-01
4.040404040404040886e-01 -1.050520732532453649e-01
4.141414141414141992e-01 -9.526108314751700890e-02
4.242424242424242542e-01 -8.560693044282828568e-02
4.343434343434343647e-01 -7.609455117432135929e-02
4.444444444444444753e-01 -6.672898445092133313e-02
4.545454545454545858e-01 -5.751552048032154002e-02
4.646464646464646964e-01 -4.845935758864814563e-02
4.747474747474748069e-01 -3.956454443323629416e-02
4.848484848484848619e-01 -3.083657078387079184e-02
4.949494949494949725e-01 -2.227971995703447589e-02
5.050505050505050830e-01 -1.389903236278663620e-02
5.151515151515152491e-01 -5.698628017004614583e-03
5.252525252525253041e-01 2.316681761231531491e-03
5.353535353535353591e-01 1.014304658950318169e-02
5.454545454545455252e-01 1.777572016228657487e-02
5.555555555555555802e-01 2.521078224411975321e-02
5.656565656565657463e-01 3.244412275308290738e-02
5.757575757575758013e-01 3.947169692808507463e-02
5.858585858585858563e-01 4.628971161236023618e-02
5.959595959595960224e-01 5.289417502282564576e-02
6.060606060606060774e-01 5.928219503791619382e-02
6.161616161616162435e-01 6.544936289702850407e-02
6.262626262626262985e-01 7.139258608716432530e-02
6.363636363636364646e-01 7.710861068405697183e-02
6.464646464646465196e-01 8.259403633757869678e-02
6.565656565656565746e-01 8.784610623778806027e-02
6.666666666666667407e-01 9.286179850155036608e-02
6.767676767676767957e-01 9.763801262040434914e-02
6.868686868686869618e-01 1.021721802502177923e-01
6.969696969696970168e-01 1.064616845180251098e-01
7.070707070707071829e-01 1.105042107643792737e-01
7.171717171717172379e-01 1.142972463302364683e-01
7.272727272727272929e-01 1.178390662072276163e-01
7.373737373737374590e-01 1.211271363128106626e-01
7.474747474747475140e-01 1.241594190298085237e-01
7.575757575757576801e-01 1.269345967971431399e-01
7.676767676767677351e-01 1.294507220022070859e-01
7.777777777777777901e-01 1.317065314646139185e-01
7.878787878787879562e-01 1.337004950947030257e-01
7.979797979797980112e-01 1.354313796471983411e-01
8.080808080808081773e-01 1.368986042060172381e-01
8.181818181818182323e-01 1.381008479632412633e-01
8.282828282828283983e-01 1.390372041761013255e-01
8.383838383838384534e-01 1.397073395675014762e-01
8.484848484848485084e-01 1.401106844480040636e-01
8.585858585858586745e-01 1.402471427814259985e-01
8.686868686868687295e-01 1.401162210004098796e-01
8.787878787878788955e-01 1.397183005694708213e-01
8.888888888888889506e-01 1.390533952202691881e-01
8.989898989898991166e-01 1.381215644940210208e-01
9.090909090909091717e-01 1.369240425249687310e-01
9.191919191919192267e-01 1.354608705854073725e-01
9.292929292929293927e-01 1.337329732039798103e-01
9.393939393939394478e-01 1.317411612880396432e-01
9.494949494949496138e-01 1.294871294533644079e-01
9.595959595959596689e-01 1.269715721136844278e-01
9.696969696969697239e-01 1.241961072463651644e-01
9.797979797979798899e-01 1.211624783159818558e-01
9.898989898989899450e-01 1.178721863688262650e-01
1.000000000000000000e+00 1.143274064657337635e-01
