0.000000000000000000e+00 2.108373526313898350e-01
1.010101010101010187e-02 2.143246061866569685e-01
2.020202020202020374e-02 2.177555780607791647e-01
3.030303030303030387e-02 2.211290828487174343e-01
4.040404040404040747e-02 2.244445310966066143e-01
5.050505050505051108e-02 2.277016386832687589e-01
6.060606060606060774e-02 2.308997071482850882e-01
7.070707070707071829e-02 2.340380661129089768e-01
8.080808080808081495e-02 2.371174169600372972e-01
9.090909090909091161e-02 2.401363610674286941e-01
1.010101010101010222e-01 2.430953985728044053e-01
1.111111111111111188e-01 2.459947197596122348e-01
1.212121212121212155e-01 2.488342956312644960e-01
1.313131313131313260e-01 2.516138124192762726e-01
1.414141414141414366e-01 2.543342600798094710e-01
1.515151515151515194e-01 2.569955145756455117e-01
1.616161616161616299e-01 2.595980011996523174e-01
1.717171717171717404e-01 2.621423236800464740e-01
1.818181818181818232e-01 2.646289602518910877e-01
1.919191919191919338e-01 2.670591081733866279e-01
2.020202020202020443e-01 2.694327579548421725e-01
2.121212121212121271e-01 2.717508933662346471e-01
2.222222222222222376e-01 2.740143457472552502e-01
2.323232323232323482e-01 2.762239083090127778e-01
2.424242424242424310e-01 2.783807295248416636e-01
2.525252525252525415e-01 2.804855513008612800e-01
2.626262626262626521e-01 2.825398838070139473e-01
2.727272727272727626e-01 2.845443714049935013e-01
2.828282828282828731e-01 2.864999667037823605e-01
2.929292929292929282e-01 2.884084504420234008e-01
3.030303030303030387e-01 2.902706134529217663e-01
3.131313131313131493e-01 2.920878494242106216e-01
3.232323232323232598e-01 2.938611279704351764e-01
3.333333333333333703e-01 2.955921509612420284e-01
3.434343434343434809e-01 2.972819264474497181e-01
3.535353535353535914e-01 2.989317572783699584e-01
3.636363636363636465e-01 3.005430504644591161e-01
3.737373737373737570e-01 3.021173507739126629e-01
3.838383838383838675e-01 3.036556497137578581e-01
3.939393939393939781e-01 3.051594649289474104e-01
4.040404040404040886e-01 3.066301141019532883e-01
4.141414141414141992e-01 3.080688404467550878e-01
4.242424242424242542e-01 3.094769397934697408e-01
4.343434343434343647e-01 3.108557974642461863e-01
4.444444444444444753e-01 3.122068505767144342e-01
4.545454545454545858e-01 3.135312439126103912e-01
4.646464646464646964e-01 3.148300857694240062e-01
4.747474747474748069e-01 3.161049817676616080e-01
4.848484848484848619e-01 3.173567034322340996e-01
4.949494949494949725e-01 3.185864441845434047e-01
5.050505050505050830e-01 3.197954751438178422e-01
5.151515151515152491e-01 3.209852119180056085e-01
5.252525252525253041e-01 3.221561249238001357e-01
5.353535353535353591e-01 3.233091965912262555e-01
5.454545454545455252e-01 3.244460791387168141e-01
5.555555555555555802e-01 3.255667798983009065e-01
5.656565656565657463e-01 3.266729650802804863e-01
5.757575757575758013e-01 3.277648280345988319e-01
5.858585858585858563e-01 3.288433336234248272e-01
5.959595959595960224e-01 3.299092704620005256e-01
6.060606060606060774e-01 3.309630697638551999e-01
6.161616161616162435e-01 3.320051353058836585e-01
6.262626262626262985e-01 3.330362165936013863e-01
6.363636363636364646e-01 3.340568576596794625e-01
6.464646464646465196e-01 3.350674687365525206e-01
6.565656565656565746e-01 3.360679698700592133e-01
6.666666666666667407e-01 3.370591310120971129e-01
6.767676767676767957e-01 3.380402529263139555e-01
6.868686868686869618e-01 3.390117672703984453e-01
6.969696969696970168e-01 3.399743336067626576e-01
7.070707070707071829e-01 3.409270501706389567e-01
7.171717171717172379e-01 3.418704018432340286e-01
7.272727272727272929e-01 3.428037336315644112e-01
7.373737373737374590e-01 3.437270703307539477e-01
7.474747474747475140e-01 3.446397304270490403e-01
7.575757575757576801e-01 3.455417408942735302e-01
7.676767676767677351e-01 3.464322766777541696e-01
7.777777777777777901e-01 3.473109396533962667e-01
7.878787878787879562e-01 3.481764850807502198e-01
7.979797979797980112e-01 3.490295184213645374e-01
8.080808080808081773e-01 3.498680679486231848e-01
8.181818181818182323e-01 3.506916604437517737e-01
8.282828282828283983e-01 3.514994547037184613e-01
8.383838383838384534e-01 3.522901893271074836e-01
8.484848484848485084e-01 3.530636368555774562e-01
8.585858585858586745e-01 3.538179242111637590e-01
8.686868686868687295e-01 3.545519558863036713e-01
8.787878787878788955e-01 3.552647952379017204e-01
8.888888888888889506e-01 3.559548655988590271e-01
8.989898989898991166e-01 3.566212020390928661e-01
9.090909090909091717e-01 3.572617921847731082e-01
9.191919191919192267e-01 3.578760725397561737e-01
9.292929292929293927e-01 3.584619875862405380e-01
9.393939393939394478e-01 3.590182217351052252e-01
9.494949494949496138e-01 3.595426965936238117e-01
9.595959595959596689e-01 3.600344424078600336e-01
9.696969696969697239e-01 3.604917323635939974e-01
9.797979797979798899e-01 3.609126399518198247e-01
9.898989898989899450e-01 3.612956793077619633e-01
1.000000000000000000e+00 3.616386514339112734e-01
