0.000000000000000000e+00 -2.263023105571889404e-01
1.010101010101010187e-02 -1.947964463794058798e-01
2.020202020202020374e-02 -1.610543742643280596e-01
3.030303030303030387e-02 -1.313348477779799350e-01
4.040404040404040747e-02 -1.084253380965235491e-01
5.050505050505051108e-02 -8.669734106554576047e-02
6.060606060606060774e-02 -6.400603147620567701e-02
7.070707070707071829e-02 -4.399858726484804500e-02
8.080808080808081495e-02 -2.694231990533233617e-02
9.090909090909091161e-02 -4.268061162100421704e-03
1.010101010101010222e-01 2.464349723814242971e-02
1.111111111111111188e-01 5.239939420665740838e-02
1.212121212121212155e-01 7.649579733217029553e-02
1.313131313131313260e-01 9.820313094033013279e-02
1.414141414141414366e-01 1.153816372291088244e-01
1.515151515151515194e-01 1.280778138018942025e-01
1.616161616161616299e-01 1.431060336518729104e-01
1.717171717171717404e-01 1.572584026306397820e-01
1.818181818181818232e-01 1.692658340755061053e-01
1.919191919191919338e-01 1.763136375739288442e-01
2.020202020202020443e-01 1.748329379208092837e-01
2.121212121212121271e-01 1.728448636351617718e-01
2.222222222222222376e-01 1.730566240297935765e-01
2.323232323232323482e-01 1.690145654704225398e-01
2.424242424242424310e-01 1.630627641979224551e-01
2.525252525252525415e-01 1.585747978218601251e-01
2.626262626262626521e-01 1.550146430026513034e-01
2.727272727272727626e-01 1.549480369735718455e-01
2.828282828282828731e-01 1.563428400197190149e-01
2.929292929292929282e-01 1.574908402585575018e-01
3.030303030303030387e-01 1.629394166132998034e-01
3.131313131313131493e-01 1.686014613530874007e-01
3.232323232323232598e-01 1.804326211273213354e-01
3.333333333333333703e-01 1.999487199055592357e-01
3.434343434343434809e-01 2.203698503646594198e-01
3.535353535353535914e-01 2.440198424312280956e-01
3.636363636363636465e-01 2.665375109428000933e-01
3.737373737373737570e-01 2.866694113711335534e-01
3.838383838383838675e-01 3.016840326554488527e-01
3.939393939393939781e-01 3.106735106183159401e-01
4.040404040404040886e-01 3.222039642301224860e-01
4.141414141414141992e-01 3.391614780430413645e-01
4.242424242424242542e-01 3.503813513061961871e-01
4.343434343434343647e-01 3.552786822255623034e-01
4.444444444444444753e-01 3.576937511664649572e-01
4.545454545454545858e-01 3.620504804011322464e-01
4.646464646464646964e-01 3.652158511311854872e-01
4.747474747474748069e-01 3.680533543886523318e-01
4.848484848484848619e-01 3.743501400385649824e-01
4.949494949494949725e-01 3.810814864233782462e-01
5.050505050505050830e-01 3.850919478202270985e-01
5.151515151515152491e-01 3.863240035888825807e-01
5.252525252525253041e-01 3.894994568852329087e-01
5.353535353535353591e-01 3.929134021040238678e-01
5.454545454545455252e-01 3.907697005221615894e-01
5.555555555555555802e-01 3.862512482064235919e-01
5.656565656565657463e-01 3.827336251938326939e-01
5.757575757575758013e-01 3.798967488124038172e-01
5.858585858585858563e-01 3.796737122369863160e-01
5.959595959595960224e-01 3.818879722622134376e-01
6.060606060606060774e-01 3.829738585565850562e-01
6.161616161616162435e-01 3.800148885132386134e-01
6.262626262626262985e-01 3.788064307633712824e-01
6.363636363636364646e-01 3.781423375340144943e-01
6.464646464646465196e-01 3.804657137410912271e-01
6.565656565656565746e-01 3.840149781871148860e-01
6.666666666666667407e-01 3.862514964244512239e-01
6.767676767676767957e-01 3.886564829808804578e-01
6.868686868686869618e-01 3.911158761331570699e-01
6.969696969696970168e-01 3.929604982093161114e-01
7.070707070707071829e-01 3.963696306774089351e-01
7.171717171717172379e-01 3.996384875406285286e-01
7.272727272727272929e-01 4.038699982881408523e-01
7.373737373737374590e-01 4.118244064853082698e-01
7.474747474747475140e-01 4.275925374210964303e-01
7.575757575757576801e-01 4.459434323689833723e-01
7.676767676767677351e-01 4.627069109088460253e-01
7.777777777777777901e-01 4.795417807715556258e-01
7.878787878787879562e-01 5.016361865138309062e-01
7.979797979797980112e-01 5.222173693370387726e-01
8.080808080808081773e-01 5.456826147395252846e-01
8.181818181818182323e-01 5.738919265774662382e-01
8.282828282828283983e-01 6.100012213368077862e-01
8.383838383838384534e-01 6.487040255112601628e-01
8.484848484848485084e-01 6.902588444215211894e-01
8.585858585858586745e-01 7.318651964239378804e-01
8.686868686868687295e-01 7.704170768943909842e-01
8.787878787878788955e-01 8.098619009297640670e-01
8.888888888888889506e-01 8.494803705452034226e-01
8.989898989898991166e-01 8.853392957777679317e-01
9.090909090909091717e-01 9.246878675122296443e-01
9.191919191919192267e-01 9.693462825481454770e-01
9.292929292929293927e-01 1.010564066966281427e+00
9.393939393939394478e-01 1.045208943817995006e+00
9.494949494949496138e-01 1.072567869978791721e+00
9.595959595959596689e-01 1.098223884664902616e+00
9.696969696969697239e-01 1.119883608628574168e+00
9.797979797979798899e-01 1.131831598387795790e+00
9.898989898989899450e-01 1.141069099695365852e+00
1.000000000000000000e+00 1.146665463704074295e+00
