0.000000000000000000e+00 -3.891553965100961743e-01
1.010101010101010187e-02 -3.705840960489825142e-01
2.020202020202020374e-02 -1.292711000655936415e-01
3.030303030303030387e-02 -1.981479983922870280e-01
4.040404040404040747e-02 -3.352543070673663084e-01
5.050505050505051108e-02 -2.342898792907937011e-01
6.060606060606060774e-02 -5.071739583487623326e-01
7.070707070707071829e-02 -8.317887922288832447e-01
8.080808080808081495e-02 -1.091671351413760149e+00
9.090909090909091161e-02 -1.130067947823413022e+00
1.010101010101010222e-01 -1.084188586549471367e+00
1.111111111111111188e-01 -1.035307701808770187e+00
1.212121212121212155e-01 -1.292954007386331039e+00
1.313131313131313260e-01 -1.646808244255781206e+00
1.414141414141414366e-01 -1.546719210070057082e+00
1.515151515151515194e-01 -1.415240104146644917e+00
1.616161616161616299e-01 -1.312072185135579883e+00
1.717171717171717404e-01 -1.117739293865406269e+00
1.818181818181818232e-01 -1.423828112320636885e+00
1.919191919191919338e-01 -1.421861579630031569e+00
2.020202020202020443e-01 -1.375578450241845108e+00
2.121212121212121271e-01 -1.399950218990851925e+00
2.222222222222222376e-01 -1.633949560445238092e+00
2.323232323232323482e-01 -1.407418483795400910e+00
2.424242424242424310e-01 -1.225312809018419324e+00
2.525252525252525415e-01 -9.751931427727654755e-01
2.626262626262626521e-01 -9.501374449226182017e-01
2.727272727272727626e-01 -1.030964475916514411e+00
2.828282828282828731e-01 -9.249203678745467894e-01
2.929292929292929282e-01 -7.266560877647582073e-01
3.030303030303030387e-01 -8.683662000430175665e-01
3.131313131313131493e-01 -1.128009901715958607e+00
3.232323232323232598e-01 -1.035598359998283646e+00
3.333333333333333703e-01 -1.070209881859457424e+00
3.434343434343434809e-01 -9.223672309591717244e-01
3.535353535353535914e-01 -8.902196469000729362e-01
3.636363636363636465e-01 -9.215647223740730531e-01
3.737373737373737570e-01 -9.036037599153997624e-01
3.838383838383838675e-01 -6.754032322661047694e-01
3.939393939393939781e-01 -7.575253276613121978e-01
4.040404040404040886e-01 -9.695685279058082751e-01
4.141414141414141992e-01 -1.356826514219181545e+00
4.242424242424242542e-01 -1.249595177995923567e+00
4.343434343434343647e-01 -1.165192373444522644e+00
4.444444444444444753e-01 -1.333699071777984191e+00
4.545454545454545858e-01 -1.415759471274909531e+00
4.646464646464646964e-01 -1.484768741028222427e+00
4.747474747474748069e-01 -1.283843319085891554e+00
4.848484848484848619e-01 -1.529200635482736992e+00
4.949494949494949725e-01 -1.334878675316744756e+00
5.050505050505050830e-01 -1.344245054015355434e+00
5.151515151515152491e-01 -1.671847408384605549e+00
5.252525252525253041e-01 -1.688760334517614092e+00
5.353535353535353591e-01 -1.795136935681988621e+00
5.454545454545455252e-01 -1.942073901690099635e+00
5.555555555555555802e-01 -1.918681702060291761e+00
5.656565656565657463e-01 -1.875105648714622930e+00
5.757575757575758013e-01 -1.898450084204144073e+00
5.858585858585858563e-01 -1.679840056559018802e+00
5.959595959595960224e-01 -1.560278773781009320e+00
6.060606060606060774e-01 -1.480491649179825675e+00
6.161616161616162435e-01 -1.280053834241771993e+00
6.262626262626262985e-01 -1.437713889479154794e+00
6.363636363636364646e-01 -1.542505780055032139e+00
6.464646464646465196e-01 -1.268535289464547855e+00
6.565656565656565746e-01 -1.290525645882564687e+00
6.666666666666667407e-01 -1.135113684939877299e+00
6.767676767676767957e-01 -9.866849888578694827e-01
6.868686868686869618e-01 -1.031276027367135972e+00
6.969696969696970168e-01 -8.860341011548147350e-01
7.070707070707071829e-01 -5.681933120435277429e-01
7.171717171717172379e-01 -9.167664172278526813e-01
7.272727272727272929e-01 -8.284472527159530975e-01
7.373737373737374590e-01 -6.258486099549952497e-01
7.474747474747475140e-01 -6.352730731593668745e-01
7.575757575757576801e-01 -7.526486509441675521e-01
7.676767676767677351e-01 -7.042345422494853402e-01
7.777777777777777901e-01 -6.225175100782265325e-01
7.878787878787879562e-01 -4.826321593799706156e-01
7.979797979797980112e-01 -5.016051068386366829e-01
8.080808080808081773e-01 -4.198579437088197364e-01
8.181818181818182323e-01 -4.505842800976278539e-01
8.282828282828283983e-01 -4.525234996580440594e-01
8.383838383838384534e-01 -4.417736920102854348e-01
8.484848484848485084e-01 -3.191759969183252665e-01
8.585858585858586745e-01 -3.685722870397947215e-01
8.686868686868687295e-01 -3.794876401825590384e-01
8.787878787878788955e-01 -2.847620019928790436e-01
8.888888888888889506e-01 -4.929652971330651390e-01
8.989898989898991166e-01 -6.200268078107420422e-01
9.090909090909091717e-01 -6.574260328045703483e-01
9.191919191919192267e-01 -5.772984836077099668e-01
9.292929292929293927e-01 -6.248491608571973277e-01
9.393939393939394478e-01 -4.992354955751561185e-01
9.494949494949496138e-01 -6.461784666313346026e-01
9.595959595959596689e-01 -4.814471985573806623e-01
9.696969696969697239e-01 -3.867644901628941589e-01
9.797979797979798899e-01 -4.410363396690781812e-01
9.898989898989899450e-01 -3.344250395520096397e-01
1.000000000000000000e+00 -1.734260689037280811e-01
