0.000000000000000000e+00 -3.537448180258635499e-01
1.010101010101010187e-02 -3.379498806566014757e-01
2.020202020202020374e-02 -3.188566817204241954e-01
3.030303030303030387e-02 -3.032318610385069668e-01
4.040404040404040747e-02 -2.935578995033175653e-01
5.050505050505051108e-02 -2.919088865523923881e-01
6.060606060606060774e-02 -2.869872043589613564e-01
7.070707070707071829e-02 -2.822368042179296266e-01
8.080808080808081495e-02 -2.766814140997722604e-01
9.090909090909091161e-02 -2.680382043013514459e-01
1.010101010101010222e-01 -2.556938135336145890e-01
1.111111111111111188e-01 -2.465559723125334279e-01
1.212121212121212155e-01 -2.352363748333663185e-01
1.313131313131313260e-01 -2.209410878316395155e-01
1.414141414141414366e-01 -2.051618044628146786e-01
1.515151515151515194e-01 -1.842801423935016003e-01
1.616161616161616299e-01 -1.648599897225523359e-01
1.717171717171717404e-01 -1.483891795831769056e-01
1.818181818181818232e-01 -1.280849849891968484e-01
1.919191919191919338e-01 -1.076721331051215813e-01
2.020202020202020443e-01 -9.229997291612895838e-02
2.121212121212121271e-01 -7.479169422496578790e-02
2.222222222222222376e-01 -5.764893612524991939e-02
2.323232323232323482e-01 -4.047232881787865555e-02
2.424242424242424310e-01 -1.879908246514260667e-02
2.525252525252525415e-01 5.238501719388099880e-03
2.626262626262626521e-01 3.291553412572790355e-02
2.727272727272727626e-01 5.881740250965265121e-02
2.828282828282828731e-01 8.339956459859693139e-02
2.929292929292929282e-01 1.061924478073168893e-01
3.030303030303030387e-01 1.331361599517438266e-01
3.131313131313131493e-01 1.587849173508779355e-01
3.232323232323232598e-01 1.894511157932967371e-01
3.333333333333333703e-01 2.230215666731657775e-01
3.434343434343434809e-01 2.540945279753512587e-01
3.535353535353535914e-01 2.841068967824380564e-01
3.636363636363636465e-01 3.156590652722967016e-01
3.737373737373737570e-01 3.399727009731044469e-01
3.838383838383838675e-01 3.665372287416824859e-01
3.939393939393939781e-01 3.920891447232519034e-01
4.040404040404040886e-01 4.161997674461805352e-01
4.141414141414141992e-01 4.402504681794193742e-01
4.242424242424242542e-01 4.568767959985562954e-01
4.343434343434343647e-01 4.677183123059781567e-01
4.444444444444444753e-01 4.736084533560865339e-01
4.545454545454545858e-01 4.776924955837834608e-01
4.646464646464646964e-01 4.842819465270893353e-01
4.747474747474748069e-01 4.953474225731556713e-01
4.848484848484848619e-01 5.065745154413981988e-01
4.949494949494949725e-01 5.185458997534987402e-01
5.050505050505050830e-01 5.327078983698774195e-01
5.151515151515152491e-01 5.466857372175980556e-01
5.252525252525253041e-01 5.596658659033079131e-01
5.353535353535353591e-01 5.708297570437687041e-01
5.454545454545455252e-01 5.782462416796328997e-01
5.555555555555555802e-01 5.884126128497534358e-01
5.656565656565657463e-01 6.000234003553345241e-01
5.757575757575758013e-01 6.153381977664014180e-01
5.858585858585858563e-01 6.343012823243495690e-01
5.959595959595960224e-01 6.502866833222964438e-01
6.060606060606060774e-01 6.622800784932724172e-01
6.161616161616162435e-01 6.698197145934406960e-01
6.262626262626262985e-01 6.773044719071025233e-01
6.363636363636364646e-01 6.831859632761774215e-01
6.464646464646465196e-01 6.871419641146153667e-01
6.565656565656565746e-01 6.897689358628393830e-01
6.666666666666667407e-01 6.956263553989067150e-01
6.767676767676767957e-01 7.009190281719364091e-01
6.868686868686869618e-01 7.075363024803372758e-01
6.969696969696970168e-01 7.164011298169354891e-01
7.070707070707071829e-01 7.290769677325925624e-01
7.171717171717172379e-01 7.415928245100271710e-01
7.272727272727272929e-01 7.483832383725447235e-01
7.373737373737374590e-01 7.521448096416213369e-01
7.474747474747475140e-01 7.580477139881838244e-01
7.575757575757576801e-01 7.641903335283053433e-01
7.676767676767677351e-01 7.723734421099395231e-01
7.777777777777777901e-01 7.818997610181153135e-01
7.878787878787879562e-01 7.910786127090012609e-01
7.979797979797980112e-01 7.961843818413102403e-01
8.080808080808081773e-01 7.993856857932968296e-01
8.181818181818182323e-01 8.048325371641243953e-01
8.282828282828283983e-01 8.118684748344129343e-01
8.383838383838384534e-01 8.215912167371761665e-01
8.484848484848485084e-01 8.344268817642742642e-01
8.585858585858586745e-01 8.518811774867872666e-01
8.686868686868687295e-01 8.702945229777633296e-01
8.787878787878788955e-01 8.808296052053551373e-01
8.888888888888889506e-01 8.891360962202660145e-01
8.989898989898991166e-01 8.992606912012244269e-01
9.090909090909091717e-01 9.068901468586626491e-01
9.191919191919192267e-01 9.174689929960611057e-01
9.292929292929293927e-01 9.292194873085521944e-01
9.393939393939394478e-01 9.477868569969432055e-01
9.494949494949496138e-01 9.709767444955882398e-01
9.595959595959596689e-01 9.930599234825250310e-01
9.696969696969697239e-01 1.011330652268161989e+00
9.797979797979798899e-01 1.033519503295990072e+00
9.898989898989899450e-01 1.054334152263157520e+00
1.000000000000000000e+00 1.071824532395918572e+00
