-1.00000000000000000e+00 -1.00000000000000000e+00
-1.00000000000000000e+00 -5.00000000000000000e-01
-1.00000000000000000e+00 0.00000000000000000e+00
-1.00000000000000000e+00 5.00000000000000000e-01
-1.00000000000000000e+00 1.00000000000000000e+00
-5.00000000000000000e-01 -1.00000000000000000e+00
-5.00000000000000000e-01 -5.00000000000000000e-01
-5.00000000000000000e-01 0.00000000000000000e+00
-5.00000000000000000e-01 5.00000000000000000e-01
-5.00000000000000000e-01 1.00000000000000000e+00
0.00000000000000000e+00 -1.00000000000000000e+00
0.00000000000000000e+00 -5.00000000000000000e-01
0.00000000000000000e+00 0.00000000000000000e+00
0.00000000000000000e+00 5.00000000000000000e-01
0.00000000000000000e+00 1.00000000000000000e+00
5.00000000000000000e-01 0.00000000000000000e+00
5.00000000000000000e-01 5.00000000000000000e-01
5.00000000000000000e-01 1.00000000000000000e+00
1.00000000000000000e+00 0.00000000000000000e+00
1.00000000000000000e+00 5.00000000000000000e-01
1.00000000000000000e+00 1.00000000000000000e+00
-2.50000000000000000e-01 2.50000000000000000e-01
-2.50000000000000000e-01 -2.50000000000000000e-01
-2.50000000000000000e-01 0.00000000000000000e+00
0.00000000000000000e+00 2.50000000000000000e-01
2.50000000000000000e-01 2.50000000000000000e-01
-7.50000000000000000e-01 7.50000000000000000e-01
-2.50000000000000000e-01 5.00000000000000000e-01
-2.50000000000000000e-01 7.50000000000000000e-01
0.00000000000000000e+00 -2.50000000000000000e-01
2.50000000000000000e-01 0.00000000000000000e+00
-1.25000000000000000e-01 1.25000000000000000e-01
-1.25000000000000000e-01 -1.25000000000000000e-01
1.25000000000000000e-01 1.25000000000000000e-01
-1.25000000000000000e-01 3.75000000000000000e-01
-7.50000000000000000e-01 2.50000000000000000e-01
-2.50000000000000000e-01 -7.50000000000000000e-01
-5.00000000000000000e-01 2.50000000000000000e-01
-3.75000000000000000e-01 1.25000000000000000e-01
-1.25000000000000000e-01 0.00000000000000000e+00
0.00000000000000000e+00 1.25000000000000000e-01
7.50000000000000000e-01 2.50000000000000000e-01
-2.50000000000000000e-01 1.25000000000000000e-01
-1.25000000000000000e-01 2.50000000000000000e-01
-7.50000000000000000e-01 -2.50000000000000000e-01
-5.00000000000000000e-01 -2.50000000000000000e-01
-2.50000000000000000e-01 -5.00000000000000000e-01
-1.25000000000000000e-01 -3.75000000000000000e-01
0.00000000000000000e+00 -1.25000000000000000e-01
1.25000000000000000e-01 0.00000000000000000e+00
-6.25000000000000000e-02 6.25000000000000000e-02
-6.25000000000000000e-02 -6.25000000000000000e-02
6.25000000000000000e-02 6.25000000000000000e-02
2.50000000000000000e-01 5.00000000000000000e-01
2.50000000000000000e-01 7.50000000000000000e-01
5.00000000000000000e-01 2.50000000000000000e-01
3.75000000000000000e-01 1.25000000000000000e-01
-7.50000000000000000e-01 -7.50000000000000000e-01
-5.00000000000000000e-01 -7.50000000000000000e-01
-3.75000000000000000e-01 -1.25000000000000000e-01
-6.25000000000000000e-02 0.00000000000000000e+00
0.00000000000000000e+00 6.25000000000000000e-02
0.00000000000000000e+00 7.50000000000000000e-01
1.25000000000000000e-01 3.75000000000000000e-01
7.50000000000000000e-01 5.00000000000000000e-01
7.50000000000000000e-01 7.50000000000000000e-01
-2.50000000000000000e-01 -1.25000000000000000e-01
-1.25000000000000000e-01 -2.50000000000000000e-01
-1.87500000000000000e-01 6.25000000000000000e-02
-1.87500000000000000e-01 -6.25000000000000000e-02
1.25000000000000000e-01 2.50000000000000000e-01
-6.25000000000000000e-02 1.87500000000000000e-01
6.25000000000000000e-02 1.87500000000000000e-01
2.50000000000000000e-01 1.25000000000000000e-01
-1.25000000000000000e-01 6.25000000000000000e-02
-6.25000000000000000e-02 1.25000000000000000e-01
-7.50000000000000000e-01 -5.00000000000000000e-01
-7.50000000000000000e-01 0.00000000000000000e+00
-7.50000000000000000e-01 5.00000000000000000e-01
-6.25000000000000000e-01 -1.25000000000000000e-01
-5.00000000000000000e-01 7.50000000000000000e-01
-3.75000000000000000e-01 3.75000000000000000e-01
-3.75000000000000000e-01 6.25000000000000000e-01
0.00000000000000000e+00 -7.50000000000000000e-01
0.00000000000000000e+00 -6.25000000000000000e-02
6.25000000000000000e-02 0.00000000000000000e+00
-3.12500000000000000e-02 3.12500000000000000e-02
-3.12500000000000000e-02 -3.12500000000000000e-02
3.12500000000000000e-02 3.12500000000000000e-02
7.50000000000000000e-01 0.00000000000000000e+00
5.00000000000000000e-01 7.50000000000000000e-01
-6.25000000000000000e-02 -1.87500000000000000e-01
1.87500000000000000e-01 6.25000000000000000e-02
-1.25000000000000000e-01 -6.25000000000000000e-02
-6.25000000000000000e-02 -1.25000000000000000e-01
6.25000000000000000e-02 1.25000000000000000e-01
1.25000000000000000e-01 6.25000000000000000e-02
-9.37500000000000000e-02 3.12500000000000000e-02
-9.37500000000000000e-02 -3.12500000000000000e-02
-3.12500000000000000e-02 9.37500000000000000e-02
3.12500000000000000e-02 9.37500000000000000e-02
-2.50000000000000000e-01 -1.00000000000000000e+00
-3.75000000000000000e-01 -3.75000000000000000e-01
-3.75000000000000000e-01 -6.25000000000000000e-01
-6.25000000000000000e-01 -3.75000000000000000e-01
-3.75000000000000000e-01 0.00000000000000000e+00
-6.25000000000000000e-01 1.25000000000000000e-01
-5.00000000000000000e-01 1.25000000000000000e-01
-6.25000000000000000e-01 3.75000000000000000e-01
0.00000000000000000e+00 -3.75000000000000000e-01
-1.25000000000000000e-01 -6.25000000000000000e-01
-3.12500000000000000e-02 0.00000000000000000e+00
0.00000000000000000e+00 3.12500000000000000e-02
0.00000000000000000e+00 3.75000000000000000e-01
-1.25000000000000000e-01 5.00000000000000000e-01
-1.25000000000000000e-01 6.25000000000000000e-01
1.25000000000000000e-01 6.25000000000000000e-01
6.25000000000000000e-01 1.25000000000000000e-01
3.75000000000000000e-01 3.75000000000000000e-01
6.25000000000000000e-01 3.75000000000000000e-01
3.75000000000000000e-01 6.25000000000000000e-01
1.00000000000000000e+00 2.50000000000000000e-01
-2.50000000000000000e-01 3.75000000000000000e-01
-2.50000000000000000e-01 -3.75000000000000000e-01
3.75000000000000000e-01 2.50000000000000000e-01
-6.25000000000000000e-02 3.12500000000000000e-02
-3.12500000000000000e-02 6.25000000000000000e-02
-6.25000000000000000e-02 -3.12500000000000000e-02
3.12500000000000000e-02 6.25000000000000000e-02
-7.50000000000000000e-01 -1.00000000000000000e+00
-1.00000000000000000e+00 -2.50000000000000000e-01
-1.00000000000000000e+00 2.50000000000000000e-01
-8.75000000000000000e-01 -1.25000000000000000e-01
-1.00000000000000000e+00 7.50000000000000000e-01
-8.75000000000000000e-01 3.75000000000000000e-01
-7.50000000000000000e-01 1.00000000000000000e+00
-6.25000000000000000e-01 -8.75000000000000000e-01
-5.00000000000000000e-01 -1.25000000000000000e-01
-2.50000000000000000e-01 1.00000000000000000e+00
-3.75000000000000000e-01 8.75000000000000000e-01
-1.25000000000000000e-01 -8.75000000000000000e-01
0.00000000000000000e+00 -3.12500000000000000e-02
3.12500000000000000e-02 0.00000000000000000e+00
-1.56250000000000000e-02 1.56250000000000000e-02
-1.56250000000000000e-02 -1.56250000000000000e-02
1.56250000000000000e-02 1.56250000000000000e-02
1.25000000000000000e-01 5.00000000000000000e-01
2.50000000000000000e-01 1.00000000000000000e+00
1.25000000000000000e-01 8.75000000000000000e-01
3.75000000000000000e-01 0.00000000000000000e+00
8.75000000000000000e-01 1.25000000000000000e-01
1.00000000000000000e+00 7.50000000000000000e-01
8.75000000000000000e-01 6.25000000000000000e-01
-1.87500000000000000e-01 1.87500000000000000e-01
-1.87500000000000000e-01 3.12500000000000000e-01
-3.75000000000000000e-01 2.50000000000000000e-01
-3.12500000000000000e-01 1.87500000000000000e-01
-3.75000000000000000e-01 -2.50000000000000000e-01
-3.12500000000000000e-01 -1.87500000000000000e-01
-3.12500000000000000e-01 6.25000000000000000e-02
-3.12500000000000000e-01 -6.25000000000000000e-02
-6.25000000000000000e-02 3.12500000000000000e-01
6.25000000000000000e-02 3.12500000000000000e-01
1.87500000000000000e-01 1.87500000000000000e-01
2.50000000000000000e-01 3.75000000000000000e-01
1.87500000000000000e-01 3.12500000000000000e-01
-6.25000000000000000e-02 -3.12500000000000000e-01
3.12500000000000000e-01 6.25000000000000000e-02
-3.12500000000000000e-02 -9.37500000000000000e-02
9.37500000000000000e-02 3.12500000000000000e-02
-3.12500000000000000e-02 -6.25000000000000000e-02
6.25000000000000000e-02 3.12500000000000000e-02
-4.68750000000000000e-02 1.56250000000000000e-02
-4.68750000000000000e-02 -1.56250000000000000e-02
-1.56250000000000000e-02 4.68750000000000000e-02
1.56250000000000000e-02 4.68750000000000000e-02
-1.00000000000000000e+00 -7.50000000000000000e-01
-8.75000000000000000e-01 -3.75000000000000000e-01
-8.75000000000000000e-01 -6.25000000000000000e-01
-8.75000000000000000e-01 1.25000000000000000e-01
-8.75000000000000000e-01 6.25000000000000000e-01
-8.75000000000000000e-01 8.75000000000000000e-01
-3.75000000000000000e-01 -8.75000000000000000e-01
-5.00000000000000000e-01 -3.75000000000000000e-01
-3.75000000000000000e-01 -5.00000000000000000e-01
-6.25000000000000000e-01 -6.25000000000000000e-01
-6.25000000000000000e-01 6.25000000000000000e-01
-3.75000000000000000e-01 5.00000000000000000e-01
-5.00000000000000000e-01 3.75000000000000000e-01
-6.25000000000000000e-01 8.75000000000000000e-01
-1.25000000000000000e-01 -5.00000000000000000e-01
-1.56250000000000000e-02 0.00000000000000000e+00
0.00000000000000000e+00 1.56250000000000000e-02
-1.25000000000000000e-01 8.75000000000000000e-01
5.00000000000000000e-01 1.25000000000000000e-01
4.37500000000000000e-01 6.25000000000000000e-02
3.75000000000000000e-01 5.00000000000000000e-01
5.00000000000000000e-01 3.75000000000000000e-01
6.25000000000000000e-01 6.25000000000000000e-01
7.50000000000000000e-01 1.00000000000000000e+00
3.75000000000000000e-01 8.75000000000000000e-01
6.25000000000000000e-01 8.75000000000000000e-01
8.75000000000000000e-01 3.75000000000000000e-01
-1.87500000000000000e-01 -1.87500000000000000e-01
-1.87500000000000000e-01 -3.12500000000000000e-01
-1.87500000000000000e-01 0.00000000000000000e+00
-2.50000000000000000e-01 6.25000000000000000e-02
-2.50000000000000000e-01 -6.25000000000000000e-02
0.00000000000000000e+00 1.87500000000000000e-01
-6.25000000000000000e-02 2.50000000000000000e-01
6.25000000000000000e-02 2.50000000000000000e-01
3.12500000000000000e-01 1.87500000000000000e-01
-2.50000000000000000e-01 6.25000000000000000e-01
0.00000000000000000e+00 -1.87500000000000000e-01
1.87500000000000000e-01 0.00000000000000000e+00
-1.87500000000000000e-01 1.25000000000000000e-01
-1.25000000000000000e-01 1.87500000000000000e-01
-9.37500000000000000e-02 9.37500000000000000e-02
-1.25000000000000000e-01 -1.87500000000000000e-01
1.25000000000000000e-01 1.87500000000000000e-01
1.87500000000000000e-01 1.25000000000000000e-01
-6.25000000000000000e-01 2.50000000000000000e-01
-2.50000000000000000e-01 -6.25000000000000000e-01
-1.56250000000000000e-01 -3.12500000000000000e-02
3.12500000000000000e-02 1.56250000000000000e-01
6.25000000000000000e-01 2.50000000000000000e-01
-6.25000000000000000e-01 -2.50000000000000000e-01
-7.50000000000000000e-01 -1.25000000000000000e-01
2.50000000000000000e-01 6.25000000000000000e-01
1.25000000000000000e-01 7.50000000000000000e-01
-3.12500000000000000e-02 1.56250000000000000e-02
-1.56250000000000000e-02 3.12500000000000000e-02
-3.12500000000000000e-02 -1.56250000000000000e-02
1.56250000000000000e-02 3.12500000000000000e-02
-8.75000000000000000e-01 -8.75000000000000000e-01
-5.00000000000000000e-01 -6.25000000000000000e-01
-6.25000000000000000e-01 -5.00000000000000000e-01
-4.37500000000000000e-01 6.25000000000000000e-02
-4.37500000000000000e-01 -6.25000000000000000e-02
-6.25000000000000000e-01 0.00000000000000000e+00
-5.62500000000000000e-01 -6.25000000000000000e-02
-6.25000000000000000e-01 5.00000000000000000e-01
-5.00000000000000000e-01 6.25000000000000000e-01
-6.25000000000000000e-02 -4.37500000000000000e-01
0.00000000000000000e+00 -6.25000000000000000e-01
0.00000000000000000e+00 -1.56250000000000000e-02
1.56250000000000000e-02 0.00000000000000000e+00
-7.81250000000000000e-03 7.81250000000000000e-03
-7.81250000000000000e-03 -7.81250000000000000e-03
7.81250000000000000e-03 7.81250000000000000e-03
-6.25000000000000000e-02 4.37500000000000000e-01
0.00000000000000000e+00 6.25000000000000000e-01
6.25000000000000000e-02 4.37500000000000000e-01
6.25000000000000000e-02 5.62500000000000000e-01
6.25000000000000000e-01 0.00000000000000000e+00
6.25000000000000000e-01 5.00000000000000000e-01
5.00000000000000000e-01 6.25000000000000000e-01
8.75000000000000000e-01 8.75000000000000000e-01
-3.12500000000000000e-01 3.12500000000000000e-01
-2.50000000000000000e-01 -1.87500000000000000e-01
-3.12500000000000000e-01 -3.12500000000000000e-01
1.87500000000000000e-01 2.50000000000000000e-01
2.50000000000000000e-01 1.87500000000000000e-01
3.12500000000000000e-01 3.12500000000000000e-01
-1.87500000000000000e-01 4.37500000000000000e-01
-3.12500000000000000e-01 4.37500000000000000e-01
-1.25000000000000000e-01 7.50000000000000000e-01
-6.25000000000000000e-02 -2.50000000000000000e-01
2.50000000000000000e-01 6.25000000000000000e-02
-1.56250000000000000e-01 9.37500000000000000e-02
-9.37500000000000000e-02 1.56250000000000000e-01
-9.37500000000000000e-02 -9.37500000000000000e-02
-1.87500000000000000e-01 -1.25000000000000000e-01
-1.56250000000000000e-01 -9.37500000000000000e-02
-9.37500000000000000e-02 -1.56250000000000000e-01
9.37500000000000000e-02 9.37500000000000000e-02
9.37500000000000000e-02 1.56250000000000000e-01
1.56250000000000000e-01 9.37500000000000000e-02
-7.50000000000000000e-01 1.25000000000000000e-01
-3.75000000000000000e-01 -7.50000000000000000e-01
-1.25000000000000000e-01 -7.50000000000000000e-01
-4.37500000000000000e-01 1.87500000000000000e-01
-4.37500000000000000e-01 3.12500000000000000e-01
-9.37500000000000000e-02 0.00000000000000000e+00
-1.56250000000000000e-01 3.12500000000000000e-02
-1.25000000000000000e-01 3.12500000000000000e-02
0.00000000000000000e+00 9.37500000000000000e-02
-3.12500000000000000e-02 1.56250000000000000e-01
-3.12500000000000000e-02 1.25000000000000000e-01
7.50000000000000000e-01 3.75000000000000000e-01
-7.50000000000000000e-01 -3.75000000000000000e-01
-1.87500000000000000e-01 -4.37500000000000000e-01
-3.12500000000000000e-01 -4.37500000000000000e-01
0.00000000000000000e+00 -9.37500000000000000e-02
-3.12500000000000000e-02 -1.56250000000000000e-01
9.37500000000000000e-02 0.00000000000000000e+00
1.56250000000000000e-01 3.12500000000000000e-02
-6.25000000000000000e-02 -9.37500000000000000e-02
9.37500000000000000e-02 6.25000000000000000e-02
3.75000000000000000e-01 7.50000000000000000e-01
4.37500000000000000e-01 1.87500000000000000e-01
-1.56250000000000000e-02 -4.68750000000000000e-02
4.68750000000000000e-02 1.56250000000000000e-02
-1.56250000000000000e-02 -3.12500000000000000e-02
3.12500000000000000e-02 1.56250000000000000e-02
-2.34375000000000000e-02 7.81250000000000000e-03
-2.34375000000000000e-02 -7.81250000000000000e-03
-7.81250000000000000e-03 2.34375000000000000e-02
7.81250000000000000e-03 2.34375000000000000e-02
-8.75000000000000000e-01 -5.00000000000000000e-01
-8.75000000000000000e-01 0.00000000000000000e+00
-5.00000000000000000e-01 -8.75000000000000000e-01
-5.62500000000000000e-01 6.25000000000000000e-02
-4.37500000000000000e-01 4.37500000000000000e-01
-4.37500000000000000e-01 5.62500000000000000e-01
-5.62500000000000000e-01 4.37500000000000000e-01
0.00000000000000000e+00 -8.75000000000000000e-01
-1.25000000000000000e-01 -1.00000000000000000e+00
-6.25000000000000000e-02 -5.62500000000000000e-01
-7.81250000000000000e-03 0.00000000000000000e+00
0.00000000000000000e+00 7.81250000000000000e-03
-6.25000000000000000e-02 5.62500000000000000e-01
0.00000000000000000e+00 8.75000000000000000e-01
5.62500000000000000e-01 6.25000000000000000e-02
5.00000000000000000e-01 8.75000000000000000e-01
8.75000000000000000e-01 0.00000000000000000e+00
1.00000000000000000e+00 1.25000000000000000e-01
8.75000000000000000e-01 5.00000000000000000e-01
-2.50000000000000000e-01 1.87500000000000000e-01
-1.87500000000000000e-01 2.50000000000000000e-01
-1.87500000000000000e-01 -2.50000000000000000e-01
-2.50000000000000000e-01 -3.12500000000000000e-01
-2.18750000000000000e-01 3.12500000000000000e-02
-2.18750000000000000e-01 -3.12500000000000000e-02
-3.12500000000000000e-01 0.00000000000000000e+00
-3.12500000000000000e-02 2.18750000000000000e-01
3.12500000000000000e-02 2.18750000000000000e-01
0.00000000000000000e+00 3.12500000000000000e-01
-3.12500000000000000e-01 5.62500000000000000e-01
-1.87500000000000000e-01 5.62500000000000000e-01
-3.75000000000000000e-01 7.50000000000000000e-01
-2.50000000000000000e-01 8.75000000000000000e-01
-3.12500000000000000e-02 -2.18750000000000000e-01
0.00000000000000000e+00 -3.12500000000000000e-01
2.18750000000000000e-01 3.12500000000000000e-02
3.12500000000000000e-01 0.00000000000000000e+00
-1.25000000000000000e-01 3.12500000000000000e-01
-6.25000000000000000e-02 3.75000000000000000e-01
-7.50000000000000000e-01 3.75000000000000000e-01
-8.75000000000000000e-01 2.50000000000000000e-01
-2.50000000000000000e-01 -8.75000000000000000e-01
-5.62500000000000000e-01 1.87500000000000000e-01
-5.62500000000000000e-01 3.12500000000000000e-01
-3.12500000000000000e-01 1.25000000000000000e-01
-3.75000000000000000e-01 6.25000000000000000e-02
-1.25000000000000000e-01 -3.12500000000000000e-02
3.12500000000000000e-02 1.25000000000000000e-01
7.50000000000000000e-01 1.25000000000000000e-01
8.75000000000000000e-01 2.50000000000000000e-01
-8.75000000000000000e-01 -2.50000000000000000e-01
-4.37500000000000000e-01 -1.87500000000000000e-01
-4.37500000000000000e-01 -3.12500000000000000e-01
-1.87500000000000000e-01 -5.62500000000000000e-01
-1.25000000000000000e-01 -3.12500000000000000e-01
-6.25000000000000000e-02 -3.75000000000000000e-01
-9.37500000000000000e-02 6.25000000000000000e-02
-6.25000000000000000e-02 9.37500000000000000e-02
-4.68750000000000000e-02 4.68750000000000000e-02
-7.81250000000000000e-02 4.68750000000000000e-02
-4.68750000000000000e-02 7.81250000000000000e-02
-4.68750000000000000e-02 -4.68750000000000000e-02
-9.37500000000000000e-02 -6.25000000000000000e-02
-7.81250000000000000e-02 -4.68750000000000000e-02
4.68750000000000000e-02 4.68750000000000000e-02
6.25000000000000000e-02 9.37500000000000000e-02
4.68750000000000000e-02 7.81250000000000000e-02
1.87500000000000000e-01 4.37500000000000000e-01
3.12500000000000000e-01 4.37500000000000000e-01
2.50000000000000000e-01 8.75000000000000000e-01
5.62500000000000000e-01 1.87500000000000000e-01
4.37500000000000000e-01 3.12500000000000000e-01
5.62500000000000000e-01 3.12500000000000000e-01
-6.25000000000000000e-01 -7.50000000000000000e-01
-7.50000000000000000e-01 -6.25000000000000000e-01
-3.12500000000000000e-01 -1.25000000000000000e-01
-3.75000000000000000e-01 -6.25000000000000000e-02
-3.75000000000000000e-01 -1.87500000000000000e-01
-7.81250000000000000e-02 1.56250000000000000e-02
-7.81250000000000000e-02 -1.56250000000000000e-02
-1.56250000000000000e-02 7.81250000000000000e-02
1.56250000000000000e-02 7.81250000000000000e-02
1.25000000000000000e-01 3.12500000000000000e-01
6.25000000000000000e-02 3.75000000000000000e-01
1.87500000000000000e-01 3.75000000000000000e-01
7.50000000000000000e-01 6.25000000000000000e-01
6.25000000000000000e-01 7.50000000000000000e-01
-1.56250000000000000e-01 -2.18750000000000000e-01
-6.25000000000000000e-02 -6.87500000000000000e-01
-1.56250000000000000e-02 -7.81250000000000000e-02
7.81250000000000000e-02 1.56250000000000000e-02
6.87500000000000000e-01 6.25000000000000000e-02
-7.81250000000000000e-03 -2.34375000000000000e-02
2.34375000000000000e-02 7.81250000000000000e-03
-1.56250000000000000e-02 7.81250000000000000e-03
-7.81250000000000000e-03 1.56250000000000000e-02
-1.56250000000000000e-02 -7.81250000000000000e-03
-7.81250000000000000e-03 -1.56250000000000000e-02
7.81250000000000000e-03 1.56250000000000000e-02
1.56250000000000000e-02 7.81250000000000000e-03
-8.75000000000000000e-01 5.00000000000000000e-01
-1.00000000000000000e+00 6.25000000000000000e-01
-3.75000000000000000e-01 -1.00000000000000000e+00
-4.37500000000000000e-01 -4.37500000000000000e-01
-4.37500000000000000e-01 -5.62500000000000000e-01
-5.62500000000000000e-01 -4.37500000000000000e-01
-4.37500000000000000e-01 0.00000000000000000e+00
-5.00000000000000000e-01 -6.25000000000000000e-02
-5.00000000000000000e-01 8.75000000000000000e-01
-6.25000000000000000e-01 1.00000000000000000e+00
0.00000000000000000e+00 -7.81250000000000000e-03
7.81250000000000000e-03 0.00000000000000000e+00
-3.90625000000000000e-03 3.90625000000000000e-03
-3.90625000000000000e-03 -3.90625000000000000e-03
3.90625000000000000e-03 3.90625000000000000e-03
0.00000000000000000e+00 4.37500000000000000e-01
6.25000000000000000e-02 5.00000000000000000e-01
4.37500000000000000e-01 4.37500000000000000e-01
4.37500000000000000e-01 5.62500000000000000e-01
1.00000000000000000e+00 3.75000000000000000e-01
-2.50000000000000000e-01 3.12500000000000000e-01
-2.18750000000000000e-01 2.18750000000000000e-01
-3.12500000000000000e-01 2.50000000000000000e-01
-3.12500000000000000e-01 -2.50000000000000000e-01
-2.81250000000000000e-01 3.12500000000000000e-02
-3.12500000000000000e-02 2.81250000000000000e-01
3.12500000000000000e-01 2.50000000000000000e-01
2.50000000000000000e-01 3.12500000000000000e-01
-7.50000000000000000e-01 6.25000000000000000e-01
-6.25000000000000000e-01 7.50000000000000000e-01
-8.75000000000000000e-01 7.50000000000000000e-01
-7.50000000000000000e-01 8.75000000000000000e-01
-3.12500000000000000e-01 6.87500000000000000e-01
-1.87500000000000000e-01 6.87500000000000000e-01
-1.87500000000000000e-01 8.12500000000000000e-01
-3.12500000000000000e-02 -2.81250000000000000e-01
-1.25000000000000000e-01 9.37500000000000000e-02
-9.37500000000000000e-02 1.25000000000000000e-01
-1.56250000000000000e-01 1.56250000000000000e-01
-1.25000000000000000e-01 -9.37500000000000000e-02
-9.37500000000000000e-02 -1.25000000000000000e-01
-1.56250000000000000e-01 -1.56250000000000000e-01
9.37500000000000000e-02 1.25000000000000000e-01
1.25000000000000000e-01 9.37500000000000000e-02
1.56250000000000000e-01 1.56250000000000000e-01
-1.25000000000000000e-01 4.37500000000000000e-01
-1.87500000000000000e-01 3.75000000000000000e-01
-6.87500000000000000e-01 1.87500000000000000e-01
-6.87500000000000000e-01 3.12500000000000000e-01
-8.12500000000000000e-01 1.87500000000000000e-01
-3.12500000000000000e-01 -6.87500000000000000e-01
-1.87500000000000000e-01 -6.87500000000000000e-01
-1.87500000000000000e-01 -8.12500000000000000e-01
-3.12500000000000000e-01 -8.12500000000000000e-01
-4.37500000000000000e-01 1.25000000000000000e-01
-3.75000000000000000e-01 1.87500000000000000e-01
-1.56250000000000000e-01 0.00000000000000000e+00
0.00000000000000000e+00 1.56250000000000000e-01
6.87500000000000000e-01 1.87500000000000000e-01
6.87500000000000000e-01 3.12500000000000000e-01
8.12500000000000000e-01 1.87500000000000000e-01
-2.18750000000000000e-01 9.37500000000000000e-02
-2.18750000000000000e-01 1.56250000000000000e-01
-2.81250000000000000e-01 9.37500000000000000e-02
-9.37500000000000000e-02 2.18750000000000000e-01
-1.56250000000000000e-01 2.18750000000000000e-01
-9.37500000000000000e-02 2.81250000000000000e-01
-6.87500000000000000e-01 -1.87500000000000000e-01
-5.62500000000000000e-01 -1.87500000000000000e-01
-5.62500000000000000e-01 -3.12500000000000000e-01
-5.00000000000000000e-01 -1.87500000000000000e-01
-3.12500000000000000e-01 -5.62500000000000000e-01
-1.87500000000000000e-01 -3.75000000000000000e-01
-3.12500000000000000e-02 -1.25000000000000000e-01
-1.56250000000000000e-02 -1.09375000000000000e-01
1.25000000000000000e-01 3.12500000000000000e-02
1.09375000000000000e-01 1.56250000000000000e-02
-4.68750000000000000e-02 -7.81250000000000000e-02
7.81250000000000000e-02 4.68750000000000000e-02
1.87500000000000000e-01 5.62500000000000000e-01
3.12500000000000000e-01 5.62500000000000000e-01
1.87500000000000000e-01 5.00000000000000000e-01
1.87500000000000000e-01 6.87500000000000000e-01
3.12500000000000000e-01 1.25000000000000000e-01
3.75000000000000000e-01 1.87500000000000000e-01
3.75000000000000000e-01 6.25000000000000000e-02
-7.50000000000000000e-01 -8.75000000000000000e-01
-8.75000000000000000e-01 -7.50000000000000000e-01
-4.37500000000000000e-01 -6.87500000000000000e-01
-4.37500000000000000e-01 -1.25000000000000000e-01
-4.68750000000000000e-02 0.00000000000000000e+00
-6.25000000000000000e-02 1.56250000000000000e-02
-6.25000000000000000e-02 -1.56250000000000000e-02
0.00000000000000000e+00 4.68750000000000000e-02
-1.56250000000000000e-02 6.25000000000000000e-02
1.56250000000000000e-02 6.25000000000000000e-02
-6.25000000000000000e-02 6.87500000000000000e-01
6.25000000000000000e-02 6.87500000000000000e-01
1.25000000000000000e-01 4.37500000000000000e-01
6.87500000000000000e-01 4.37500000000000000e-01
8.75000000000000000e-01 7.50000000000000000e-01
7.50000000000000000e-01 8.75000000000000000e-01
-2.18750000000000000e-01 -9.37500000000000000e-02
-2.18750000000000000e-01 -1.56250000000000000e-01
-9.37500000000000000e-02 -2.18750000000000000e-01
-9.37500000000000000e-02 -2.81250000000000000e-01
-1.56250000000000000e-01 -6.25000000000000000e-02
9.37500000000000000e-02 2.18750000000000000e-01
1.56250000000000000e-01 2.18750000000000000e-01
6.25000000000000000e-02 1.56250000000000000e-01
2.18750000000000000e-01 9.37500000000000000e-02
2.18750000000000000e-01 1.56250000000000000e-01
2.81250000000000000e-01 1.56250000000000000e-01
-6.87500000000000000e-01 -6.25000000000000000e-02
-6.87500000000000000e-01 6.25000000000000000e-02
-6.87500000000000000e-01 4.37500000000000000e-01
-8.12500000000000000e-01 4.37500000000000000e-01
-6.87500000000000000e-01 5.62500000000000000e-01
-4.37500000000000000e-01 6.87500000000000000e-01
-4.37500000000000000e-01 8.12500000000000000e-01
-5.62500000000000000e-01 6.87500000000000000e-01
-6.25000000000000000e-02 -8.12500000000000000e-01
0.00000000000000000e+00 -4.68750000000000000e-02
4.68750000000000000e-02 0.00000000000000000e+00
-4.68750000000000000e-02 3.12500000000000000e-02
-3.12500000000000000e-02 4.68750000000000000e-02
-2.34375000000000000e-02 2.34375000000000000e-02
-4.68750000000000000e-02 -3.12500000000000000e-02
-3.12500000000000000e-02 -4.68750000000000000e-02
3.12500000000000000e-02 4.68750000000000000e-02
4.68750000000000000e-02 3.12500000000000000e-02
8.12500000000000000e-01 6.25000000000000000e-02
-6.25000000000000000e-02 -1.56250000000000000e-01
1.56250000000000000e-01 6.25000000000000000e-02
-3.12500000000000000e-01 -3.75000000000000000e-01
-3.75000000000000000e-01 -3.12500000000000000e-01
-3.90625000000000000e-02 -7.81250000000000000e-03
7.81250000000000000e-03 3.90625000000000000e-02
3.12500000000000000e-01 3.75000000000000000e-01
4.37500000000000000e-01 3.75000000000000000e-01
-1.17187500000000000e-02 3.90625000000000000e-03
-1.17187500000000000e-02 -3.90625000000000000e-03
-3.90625000000000000e-03 1.17187500000000000e-02
3.90625000000000000e-03 1.17187500000000000e-02
-8.75000000000000000e-01 -1.00000000000000000e+00
-1.00000000000000000e+00 -3.75000000000000000e-01
-9.37500000000000000e-01 -4.37500000000000000e-01
-1.00000000000000000e+00 -1.25000000000000000e-01
-1.00000000000000000e+00 1.25000000000000000e-01
-9.37500000000000000e-01 -6.25000000000000000e-02
-9.37500000000000000e-01 6.25000000000000000e-02
-1.00000000000000000e+00 3.75000000000000000e-01
-9.37500000000000000e-01 4.37500000000000000e-01
-9.37500000000000000e-01 5.62500000000000000e-01
-1.00000000000000000e+00 8.75000000000000000e-01
-8.75000000000000000e-01 1.00000000000000000e+00
-6.25000000000000000e-01 -1.00000000000000000e+00
-5.62500000000000000e-01 -9.37500000000000000e-01
-4.37500000000000000e-01 -9.37500000000000000e-01
-5.62500000000000000e-01 -5.62500000000000000e-01
-5.00000000000000000e-01 6.25000000000000000e-02
-5.62500000000000000e-01 0.00000000000000000e+00
-5.62500000000000000e-01 5.62500000000000000e-01
-3.75000000000000000e-01 1.00000000000000000e+00
-4.37500000000000000e-01 9.37500000000000000e-01
-5.62500000000000000e-01 9.37500000000000000e-01
-6.25000000000000000e-02 -9.37500000000000000e-01
0.00000000000000000e+00 -4.37500000000000000e-01
-6.25000000000000000e-02 -5.00000000000000000e-01
-3.90625000000000000e-03 0.00000000000000000e+00
0.00000000000000000e+00 3.90625000000000000e-03
0.00000000000000000e+00 -3.90625000000000000e-03
3.90625000000000000e-03 0.00000000000000000e+00
-6.25000000000000000e-02 5.00000000000000000e-01
0.00000000000000000e+00 5.62500000000000000e-01
-1.25000000000000000e-01 1.00000000000000000e+00
1.25000000000000000e-01 1.00000000000000000e+00
6.25000000000000000e-02 9.37500000000000000e-01
-6.25000000000000000e-02 9.37500000000000000e-01
4.37500000000000000e-01 0.00000000000000000e+00
5.00000000000000000e-01 6.25000000000000000e-02
5.62500000000000000e-01 4.37500000000000000e-01
5.00000000000000000e-01 4.37500000000000000e-01
5.62500000000000000e-01 5.62500000000000000e-01
3.75000000000000000e-01 1.00000000000000000e+00
4.37500000000000000e-01 9.37500000000000000e-01
9.37500000000000000e-01 6.25000000000000000e-02
1.00000000000000000e+00 6.25000000000000000e-01
9.37500000000000000e-01 5.62500000000000000e-01
9.37500000000000000e-01 4.37500000000000000e-01
1.00000000000000000e+00 8.75000000000000000e-01
-2.18750000000000000e-01 2.81250000000000000e-01
-2.81250000000000000e-01 2.18750000000000000e-01
-2.81250000000000000e-01 2.81250000000000000e-01
-2.18750000000000000e-01 -2.18750000000000000e-01
-2.18750000000000000e-01 -2.81250000000000000e-01
-2.81250000000000000e-01 -3.12500000000000000e-02
-2.18750000000000000e-01 0.00000000000000000e+00
3.12500000000000000e-02 2.81250000000000000e-01
0.00000000000000000e+00 2.18750000000000000e-01
2.18750000000000000e-01 2.18750000000000000e-01
-8.12500000000000000e-01 6.87500000000000000e-01
-6.87500000000000000e-01 8.12500000000000000e-01
-2.50000000000000000e-01 4.37500000000000000e-01
-3.12500000000000000e-01 8.12500000000000000e-01
2.81250000000000000e-01 3.12500000000000000e-02
-1.56250000000000000e-01 1.25000000000000000e-01
-1.25000000000000000e-01 1.56250000000000000e-01
-1.25000000000000000e-01 -1.56250000000000000e-01
-1.56250000000000000e-01 -1.25000000000000000e-01
1.25000000000000000e-01 1.56250000000000000e-01
1.56250000000000000e-01 1.25000000000000000e-01
-1.56250000000000000e-01 3.43750000000000000e-01
-9.37500000000000000e-02 3.43750000000000000e-01
-8.12500000000000000e-01 3.12500000000000000e-01
-4.37500000000000000e-01 2.50000000000000000e-01
-3.43750000000000000e-01 1.56250000000000000e-01
-3.43750000000000000e-01 9.37500000000000000e-02
-1.09375000000000000e-01 1.56250000000000000e-02
-1.09375000000000000e-01 -1.56250000000000000e-02
-1.56250000000000000e-02 1.09375000000000000e-01
1.56250000000000000e-02 1.09375000000000000e-01
8.12500000000000000e-01 3.12500000000000000e-01
-2.81250000000000000e-01 1.56250000000000000e-01
-1.56250000000000000e-01 2.81250000000000000e-01
-6.87500000000000000e-01 -3.12500000000000000e-01
-8.12500000000000000e-01 -1.87500000000000000e-01
-8.12500000000000000e-01 -3.12500000000000000e-01
-4.37500000000000000e-01 -2.50000000000000000e-01
-5.00000000000000000e-01 -3.12500000000000000e-01
-2.50000000000000000e-01 -4.37500000000000000e-01
-3.12500000000000000e-01 -5.00000000000000000e-01
-1.87500000000000000e-01 -5.00000000000000000e-01
-9.37500000000000000e-02 -3.43750000000000000e-01
-1.25000000000000000e-01 -4.37500000000000000e-01
0.00000000000000000e+00 -1.56250000000000000e-01
1.56250000000000000e-01 0.00000000000000000e+00
-7.81250000000000000e-02 7.81250000000000000e-02
-6.25000000000000000e-02 -4.68750000000000000e-02
-4.68750000000000000e-02 -6.25000000000000000e-02
-7.81250000000000000e-02 -7.81250000000000000e-02
4.68750000000000000e-02 6.25000000000000000e-02
6.25000000000000000e-02 4.68750000000000000e-02
7.81250000000000000e-02 7.81250000000000000e-02
2.50000000000000000e-01 4.37500000000000000e-01
3.12500000000000000e-01 5.00000000000000000e-01
3.12500000000000000e-01 6.87500000000000000e-01
1.87500000000000000e-01 8.12500000000000000e-01
3.12500000000000000e-01 8.12500000000000000e-01
4.37500000000000000e-01 2.50000000000000000e-01
5.00000000000000000e-01 1.87500000000000000e-01
3.43750000000000000e-01 9.37500000000000000e-02
4.37500000000000000e-01 1.25000000000000000e-01
-5.62500000000000000e-01 -8.12500000000000000e-01
-4.37500000000000000e-01 -8.12500000000000000e-01
-5.62500000000000000e-01 -6.87500000000000000e-01
6.25000000000000000e-02 8.12500000000000000e-01
-6.25000000000000000e-02 8.12500000000000000e-01
8.12500000000000000e-01 5.62500000000000000e-01
8.12500000000000000e-01 4.37500000000000000e-01
-2.81250000000000000e-01 -9.37500000000000000e-02
-1.56250000000000000e-01 -2.81250000000000000e-01
-1.56250000000000000e-01 6.25000000000000000e-02
-1.87500000000000000e-01 3.12500000000000000e-02
-1.87500000000000000e-01 9.37500000000000000e-02
-1.87500000000000000e-01 -3.12500000000000000e-02
-2.18750000000000000e-01 -6.25000000000000000e-02
-1.87500000000000000e-01 -9.37500000000000000e-02
9.37500000000000000e-02 2.81250000000000000e-01
-6.25000000000000000e-02 1.56250000000000000e-01
-3.12500000000000000e-02 1.87500000000000000e-01
-9.37500000000000000e-02 1.87500000000000000e-01
3.12500000000000000e-02 1.87500000000000000e-01
6.25000000000000000e-02 2.18750000000000000e-01
9.37500000000000000e-02 1.87500000000000000e-01
2.81250000000000000e-01 9.37500000000000000e-02
-1.09375000000000000e-01 4.68750000000000000e-02
-1.09375000000000000e-01 7.81250000000000000e-02
-1.40625000000000000e-01 4.68750000000000000e-02
-4.68750000000000000e-02 1.09375000000000000e-01
-7.81250000000000000e-02 1.09375000000000000e-01
-4.68750000000000000e-02 1.40625000000000000e-01
-6.87500000000000000e-01 -4.37500000000000000e-01
-8.12500000000000000e-01 -4.37500000000000000e-01
-6.87500000000000000e-01 -5.62500000000000000e-01
-8.12500000000000000e-01 -6.25000000000000000e-02
-8.12500000000000000e-01 6.25000000000000000e-02
-8.12500000000000000e-01 5.62500000000000000e-01
-5.62500000000000000e-01 -1.25000000000000000e-01
-6.25000000000000000e-01 -1.87500000000000000e-01
-6.25000000000000000e-01 -6.25000000000000000e-02
-5.62500000000000000e-01 8.12500000000000000e-01
-3.12500000000000000e-01 3.75000000000000000e-01
-3.75000000000000000e-01 3.12500000000000000e-01
-1.56250000000000000e-02 -6.25000000000000000e-02
6.25000000000000000e-02 1.56250000000000000e-02
-3.90625000000000000e-02 2.34375000000000000e-02
-2.34375000000000000e-02 3.90625000000000000e-02
-2.34375000000000000e-02 -2.34375000000000000e-02
-3.90625000000000000e-02 -2.34375000000000000e-02
-2.34375000000000000e-02 -3.90625000000000000e-02
2.34375000000000000e-02 2.34375000000000000e-02
2.34375000000000000e-02 3.90625000000000000e-02
3.90625000000000000e-02 2.34375000000000000e-02
4.37500000000000000e-01 6.87500000000000000e-01
5.62500000000000000e-01 6.87500000000000000e-01
4.37500000000000000e-01 8.12500000000000000e-01
-9.37500000000000000e-02 -1.87500000000000000e-01
1.87500000000000000e-01 9.37500000000000000e-02
-4.68750000000000000e-02 -1.09375000000000000e-01
1.09375000000000000e-01 4.68750000000000000e-02
-9.37500000000000000e-02 -1.56250000000000000e-02
1.56250000000000000e-02 9.37500000000000000e-02
-1.87500000000000000e-01 -9.37500000000000000e-01
-3.12500000000000000e-01 -9.37500000000000000e-01
-4.37500000000000000e-01 -3.75000000000000000e-01
-5.62500000000000000e-01 1.25000000000000000e-01
-3.12500000000000000e-02 -3.43750000000000000e-01
-3.90625000000000000e-02 7.81250000000000000e-03
-2.34375000000000000e-02 0.00000000000000000e+00
-3.12500000000000000e-02 7.81250000000000000e-03
-7.81250000000000000e-03 3.90625000000000000e-02
0.00000000000000000e+00 2.34375000000000000e-02
-7.81250000000000000e-03 3.12500000000000000e-02
-1.25000000000000000e-01 5.62500000000000000e-01
1.25000000000000000e-01 5.62500000000000000e-01
1.87500000000000000e-01 6.25000000000000000e-01
6.25000000000000000e-02 6.25000000000000000e-01
3.75000000000000000e-01 3.12500000000000000e-01
3.75000000000000000e-01 4.37500000000000000e-01
9.37500000000000000e-01 1.87500000000000000e-01
9.37500000000000000e-01 3.12500000000000000e-01
-8.12500000000000000e-01 -9.37500000000000000e-01
-9.37500000000000000e-01 -1.87500000000000000e-01
-9.37500000000000000e-01 -3.12500000000000000e-01
-9.37500000000000000e-01 3.12500000000000000e-01
-9.37500000000000000e-01 1.87500000000000000e-01
-3.12500000000000000e-01 9.37500000000000000e-01
-1.87500000000000000e-01 9.37500000000000000e-01
-7.81250000000000000e-03 -3.90625000000000000e-02
3.90625000000000000e-02 7.81250000000000000e-03
-1.17187500000000000e-02 1.17187500000000000e-02
-1.56250000000000000e-02 -2.34375000000000000e-02
2.34375000000000000e-02 1.56250000000000000e-02
1.87500000000000000e-01 9.37500000000000000e-01
3.12500000000000000e-01 9.37500000000000000e-01
3.43750000000000000e-01 3.12500000000000000e-02
9.37500000000000000e-01 8.12500000000000000e-01
-3.90625000000000000e-03 -1.17187500000000000e-02
1.17187500000000000e-02 3.90625000000000000e-03
-7.81250000000000000e-03 3.90625000000000000e-03
-3.90625000000000000e-03 7.81250000000000000e-03
-7.81250000000000000e-03 -3.90625000000000000e-03
-3.90625000000000000e-03 -7.81250000000000000e-03
3.90625000000000000e-03 7.81250000000000000e-03
7.81250000000000000e-03 3.90625000000000000e-03
-1.00000000000000000e+00 -8.75000000000000000e-01
-9.37500000000000000e-01 -9.37500000000000000e-01
-1.00000000000000000e+00 -6.25000000000000000e-01
-9.37500000000000000e-01 -5.62500000000000000e-01
-9.37500000000000000e-01 9.37500000000000000e-01
-5.00000000000000000e-01 -4.37500000000000000e-01
-4.37500000000000000e-01 -5.00000000000000000e-01
-5.00000000000000000e-01 -5.62500000000000000e-01
-5.62500000000000000e-01 -5.00000000000000000e-01
-4.37500000000000000e-01 5.00000000000000000e-01
-5.00000000000000000e-01 4.37500000000000000e-01
-3.12500000000000000e-02 -4.68750000000000000e-01
0.00000000000000000e+00 -5.62500000000000000e-01
-1.95312500000000000e-03 1.95312500000000000e-03
-1.95312500000000000e-03 -1.95312500000000000e-03
1.95312500000000000e-03 1.95312500000000000e-03
4.68750000000000000e-01 3.12500000000000000e-02
5.62500000000000000e-01 0.00000000000000000e+00
4.37500000000000000e-01 5.00000000000000000e-01
5.00000000000000000e-01 5.62500000000000000e-01
6.25000000000000000e-01 1.00000000000000000e+00
5.62500000000000000e-01 9.37500000000000000e-01
8.75000000000000000e-01 1.00000000000000000e+00
9.37500000000000000e-01 9.37500000000000000e-01
-2.81250000000000000e-01 -2.18750000000000000e-01
-2.81250000000000000e-01 -2.81250000000000000e-01
-2.50000000000000000e-01 3.12500000000000000e-02
-2.50000000000000000e-01 -3.12500000000000000e-02
-2.81250000000000000e-01 0.00000000000000000e+00
-3.12500000000000000e-02 2.50000000000000000e-01
3.12500000000000000e-02 2.50000000000000000e-01
0.00000000000000000e+00 2.81250000000000000e-01
2.18750000000000000e-01 2.81250000000000000e-01
2.81250000000000000e-01 2.18750000000000000e-01
2.81250000000000000e-01 2.81250000000000000e-01
-8.12500000000000000e-01 8.12500000000000000e-01
-6.87500000000000000e-01 6.87500000000000000e-01
-1.87500000000000000e-01 5.00000000000000000e-01
-3.12500000000000000e-01 5.00000000000000000e-01
-2.50000000000000000e-01 5.62500000000000000e-01
-2.18750000000000000e-01 4.68750000000000000e-01
-3.12500000000000000e-02 -2.50000000000000000e-01
2.50000000000000000e-01 3.12500000000000000e-02
-1.09375000000000000e-01 1.09375000000000000e-01
-1.40625000000000000e-01 1.09375000000000000e-01
-1.09375000000000000e-01 1.40625000000000000e-01
-9.37500000000000000e-02 4.06250000000000000e-01
-1.56250000000000000e-01 4.06250000000000000e-01
-5.00000000000000000e-01 1.87500000000000000e-01
-5.00000000000000000e-01 3.12500000000000000e-01
-5.62500000000000000e-01 2.50000000000000000e-01
-4.68750000000000000e-01 2.18750000000000000e-01
-4.06250000000000000e-01 9.37500000000000000e-02
-4.06250000000000000e-01 1.56250000000000000e-01
-1.40625000000000000e-01 -1.56250000000000000e-02
-1.40625000000000000e-01 1.56250000000000000e-02
1.56250000000000000e-02 1.40625000000000000e-01
-1.56250000000000000e-02 1.40625000000000000e-01
-2.50000000000000000e-01 9.37500000000000000e-02
-2.18750000000000000e-01 1.25000000000000000e-01
-9.37500000000000000e-02 2.50000000000000000e-01
-1.25000000000000000e-01 2.18750000000000000e-01
-6.87500000000000000e-01 -2.50000000000000000e-01
-7.50000000000000000e-01 -1.87500000000000000e-01
-7.50000000000000000e-01 -3.12500000000000000e-01
-5.62500000000000000e-01 -2.50000000000000000e-01
-2.50000000000000000e-01 -5.62500000000000000e-01
-1.56250000000000000e-01 -3.43750000000000000e-01
-9.37500000000000000e-02 -4.06250000000000000e-01
-1.56250000000000000e-01 -4.06250000000000000e-01
-1.56250000000000000e-02 -1.40625000000000000e-01
1.40625000000000000e-01 1.56250000000000000e-02
-6.25000000000000000e-02 4.68750000000000000e-02
-4.68750000000000000e-02 6.25000000000000000e-02
2.50000000000000000e-01 5.62500000000000000e-01
2.50000000000000000e-01 6.87500000000000000e-01
1.87500000000000000e-01 7.50000000000000000e-01
3.12500000000000000e-01 7.50000000000000000e-01
5.00000000000000000e-01 3.12500000000000000e-01
5.62500000000000000e-01 2.50000000000000000e-01
4.06250000000000000e-01 9.37500000000000000e-02
3.43750000000000000e-01 1.56250000000000000e-01
4.06250000000000000e-01 1.56250000000000000e-01
-6.87500000000000000e-01 -8.12500000000000000e-01
-8.12500000000000000e-01 -6.87500000000000000e-01
-6.87500000000000000e-01 -6.87500000000000000e-01
-8.12500000000000000e-01 -8.12500000000000000e-01
-3.43750000000000000e-01 -1.56250000000000000e-01
-3.43750000000000000e-01 -9.37500000000000000e-02
-5.46875000000000000e-02 7.81250000000000000e-03
-5.46875000000000000e-02 -7.81250000000000000e-03
-7.81250000000000000e-02 0.00000000000000000e+00
-7.81250000000000000e-03 5.46875000000000000e-02
7.81250000000000000e-03 5.46875000000000000e-02
0.00000000000000000e+00 7.81250000000000000e-02
6.25000000000000000e-02 7.50000000000000000e-01
0.00000000000000000e+00 6.87500000000000000e-01
-6.25000000000000000e-02 7.50000000000000000e-01
9.37500000000000000e-02 3.43750000000000000e-01
1.56250000000000000e-01 3.43750000000000000e-01
6.87500000000000000e-01 5.62500000000000000e-01
8.12500000000000000e-01 6.87500000000000000e-01
6.87500000000000000e-01 6.87500000000000000e-01
6.87500000000000000e-01 8.12500000000000000e-01
8.12500000000000000e-01 8.12500000000000000e-01
-2.81250000000000000e-01 -1.56250000000000000e-01
-2.50000000000000000e-01 -9.37500000000000000e-02
-2.50000000000000000e-01 -1.56250000000000000e-01
-2.18750000000000000e-01 -1.25000000000000000e-01
-2.18750000000000000e-01 6.25000000000000000e-02
1.56250000000000000e-01 2.81250000000000000e-01
9.37500000000000000e-02 2.50000000000000000e-01
1.25000000000000000e-01 2.18750000000000000e-01
1.56250000000000000e-01 2.50000000000000000e-01
-6.25000000000000000e-02 2.18750000000000000e-01
-1.40625000000000000e-01 7.81250000000000000e-02
-7.81250000000000000e-02 1.40625000000000000e-01
-8.12500000000000000e-01 -5.62500000000000000e-01
-7.50000000000000000e-01 -6.25000000000000000e-02
-6.87500000000000000e-01 0.00000000000000000e+00
-7.50000000000000000e-01 6.25000000000000000e-02
-6.87500000000000000e-01 -1.25000000000000000e-01
-3.75000000000000000e-01 4.37500000000000000e-01
-4.37500000000000000e-01 3.75000000000000000e-01
-3.43750000000000000e-01 3.43750000000000000e-01
-3.12500000000000000e-01 6.25000000000000000e-01
0.00000000000000000e+00 -7.81250000000000000e-02
-7.81250000000000000e-03 -5.46875000000000000e-02
7.81250000000000000e-02 0.00000000000000000e+00
5.46875000000000000e-02 7.81250000000000000e-03
5.62500000000000000e-01 8.12500000000000000e-01
-3.12500000000000000e-02 -1.87500000000000000e-01
-6.25000000000000000e-02 -2.18750000000000000e-01
1.87500000000000000e-01 3.12500000000000000e-02
2.18750000000000000e-01 6.25000000000000000e-02
-1.09375000000000000e-01 -4.68750000000000000e-02
-1.40625000000000000e-01 -4.68750000000000000e-02
-1.09375000000000000e-01 -7.81250000000000000e-02
-7.81250000000000000e-02 -1.09375000000000000e-01
-7.81250000000000000e-02 -1.40625000000000000e-01
-4.68750000000000000e-02 -1.40625000000000000e-01
4.68750000000000000e-02 1.09375000000000000e-01
4.68750000000000000e-02 1.40625000000000000e-01
7.81250000000000000e-02 1.09375000000000000e-01
1.09375000000000000e-01 7.81250000000000000e-02
1.40625000000000000e-01 7.81250000000000000e-02
1.40625000000000000e-01 4.68750000000000000e-02
-7.81250000000000000e-02 3.12500000000000000e-02
-9.37500000000000000e-02 1.56250000000000000e-02
-7.81250000000000000e-02 -3.12500000000000000e-02
-9.37500000000000000e-02 -4.68750000000000000e-02
-3.12500000000000000e-02 7.81250000000000000e-02
-1.56250000000000000e-02 9.37500000000000000e-02
3.12500000000000000e-02 7.81250000000000000e-02
4.68750000000000000e-02 9.37500000000000000e-02
-3.75000000000000000e-01 -4.37500000000000000e-01
-3.75000000000000000e-01 -5.62500000000000000e-01
-3.12500000000000000e-01 -6.25000000000000000e-01
-5.62500000000000000e-01 -3.75000000000000000e-01
-6.25000000000000000e-01 -3.12500000000000000e-01
-6.25000000000000000e-01 -4.37500000000000000e-01
-6.87500000000000000e-01 -3.75000000000000000e-01
-3.43750000000000000e-01 3.12500000000000000e-02
-3.43750000000000000e-01 -3.12500000000000000e-02
-4.06250000000000000e-01 3.12500000000000000e-02
-4.06250000000000000e-01 -3.12500000000000000e-02
-6.25000000000000000e-01 1.87500000000000000e-01
-6.25000000000000000e-01 6.25000000000000000e-02
-6.87500000000000000e-01 1.25000000000000000e-01
-6.25000000000000000e-01 3.12500000000000000e-01
-3.12500000000000000e-02 -4.06250000000000000e-01
-1.25000000000000000e-01 -5.62500000000000000e-01
-1.87500000000000000e-01 -6.25000000000000000e-01
-6.25000000000000000e-02 -6.25000000000000000e-01
-3.12500000000000000e-02 -7.81250000000000000e-03
7.81250000000000000e-03 3.12500000000000000e-02
-3.12500000000000000e-02 3.43750000000000000e-01
3.12500000000000000e-02 3.43750000000000000e-01
-3.12500000000000000e-02 4.06250000000000000e-01
3.12500000000000000e-02 4.06250000000000000e-01
-1.87500000000000000e-01 6.25000000000000000e-01
-6.25000000000000000e-02 6.25000000000000000e-01
-1.25000000000000000e-01 6.87500000000000000e-01
1.25000000000000000e-01 6.87500000000000000e-01
5.62500000000000000e-01 1.25000000000000000e-01
6.25000000000000000e-01 1.87500000000000000e-01
6.25000000000000000e-01 6.25000000000000000e-02
5.62500000000000000e-01 3.75000000000000000e-01
6.25000000000000000e-01 3.12500000000000000e-01
3.75000000000000000e-01 5.62500000000000000e-01
3.12500000000000000e-01 6.25000000000000000e-01
4.37500000000000000e-01 6.25000000000000000e-01
3.75000000000000000e-01 6.87500000000000000e-01
-2.18750000000000000e-01 3.43750000000000000e-01
-2.81250000000000000e-01 3.43750000000000000e-01
-2.18750000000000000e-01 4.06250000000000000e-01
-2.18750000000000000e-01 -3.43750000000000000e-01
-2.81250000000000000e-01 -3.43750000000000000e-01
-2.18750000000000000e-01 -4.06250000000000000e-01
3.43750000000000000e-01 2.18750000000000000e-01
3.43750000000000000e-01 2.81250000000000000e-01
4.06250000000000000e-01 2.18750000000000000e-01
-6.87500000000000000e-01 -9.37500000000000000e-01
-8.12500000000000000e-01 -1.25000000000000000e-01
-9.37500000000000000e-01 6.87500000000000000e-01
-9.37500000000000000e-01 8.12500000000000000e-01
-8.12500000000000000e-01 9.37500000000000000e-01
-6.87500000000000000e-01 9.37500000000000000e-01
0.00000000000000000e+00 -2.34375000000000000e-02
2.34375000000000000e-02 0.00000000000000000e+00
-2.34375000000000000e-02 1.56250000000000000e-02
-1.56250000000000000e-02 2.34375000000000000e-02
-1.95312500000000000e-02 1.17187500000000000e-02
-1.17187500000000000e-02 1.95312500000000000e-02
-2.34375000000000000e-02 -1.56250000000000000e-02
-1.17187500000000000e-02 -1.17187500000000000e-02
-1.95312500000000000e-02 -1.17187500000000000e-02
1.56250000000000000e-02 2.34375000000000000e-02
1.17187500000000000e-02 1.17187500000000000e-02
1.17187500000000000e-02 1.95312500000000000e-02
1.25000000000000000e-01 8.12500000000000000e-01
4.06250000000000000e-01 3.12500000000000000e-02
9.37500000000000000e-01 6.87500000000000000e-01
-1.87500000000000000e-01 1.56250000000000000e-01
-1.56250000000000000e-01 1.87500000000000000e-01
-3.43750000000000000e-01 2.18750000000000000e-01
-3.43750000000000000e-01 2.81250000000000000e-01
-4.06250000000000000e-01 2.18750000000000000e-01
-2.81250000000000000e-01 -6.25000000000000000e-02
-3.12500000000000000e-01 -3.12500000000000000e-02
6.25000000000000000e-02 2.81250000000000000e-01
3.12500000000000000e-02 3.12500000000000000e-01
1.56250000000000000e-01 1.87500000000000000e-01
1.87500000000000000e-01 1.56250000000000000e-01
-9.37500000000000000e-01 -6.87500000000000000e-01
-6.25000000000000000e-01 -6.87500000000000000e-01
-9.37500000000000000e-02 -4.68750000000000000e-01
-1.95312500000000000e-02 3.90625000000000000e-03
-1.95312500000000000e-02 -3.90625000000000000e-03
-1.17187500000000000e-02 0.00000000000000000e+00
-1.56250000000000000e-02 3.90625000000000000e-03
-3.90625000000000000e-03 1.95312500000000000e-02
3.90625000000000000e-03 1.95312500000000000e-02
0.00000000000000000e+00 1.17187500000000000e-02
-3.90625000000000000e-03 1.56250000000000000e-02
4.68750000000000000e-01 9.37500000000000000e-02
6.25000000000000000e-01 5.62500000000000000e-01
6.87500000000000000e-01 9.37500000000000000e-01
-1.56250000000000000e-01 -1.87500000000000000e-01
-1.87500000000000000e-01 -1.56250000000000000e-01
-1.56250000000000000e-02 -1.71875000000000000e-01
1.71875000000000000e-01 1.56250000000000000e-02
-3.90625000000000000e-03 -1.95312500000000000e-02
1.95312500000000000e-02 3.90625000000000000e-03
-5.85937500000000000e-03 1.95312500000000000e-03
-5.85937500000000000e-03 -1.95312500000000000e-03
-1.95312500000000000e-03 5.85937500000000000e-03
1.95312500000000000e-03 5.85937500000000000e-03
-1.95312500000000000e-03 -5.85937500000000000e-03
5.85937500000000000e-03 1.95312500000000000e-03
