-1.00000000000000000e+00 -1.00000000000000000e+00
-1.00000000000000000e+00 -5.00000000000000000e-01
-1.00000000000000000e+00 0.00000000000000000e+00
-1.00000000000000000e+00 5.00000000000000000e-01
-1.00000000000000000e+00 1.00000000000000000e+00
-5.00000000000000000e-01 -1.00000000000000000e+00
-5.00000000000000000e-01 -5.00000000000000000e-01
-5.00000000000000000e-01 0.00000000000000000e+00
-5.00000000000000000e-01 5.00000000000000000e-01
-5.00000000000000000e-01 1.00000000000000000e+00
0.00000000000000000e+00 -1.00000000000000000e+00
0.00000000000000000e+00 -5.00000000000000000e-01
0.00000000000000000e+00 0.00000000000000000e+00
0.00000000000000000e+00 5.00000000000000000e-01
0.00000000000000000e+00 1.00000000000000000e+00
5.00000000000000000e-01 0.00000000000000000e+00
5.00000000000000000e-01 5.00000000000000000e-01
5.00000000000000000e-01 1.00000000000000000e+00
1.00000000000000000e+00 0.00000000000000000e+00
1.00000000000000000e+00 5.00000000000000000e-01
1.00000000000000000e+00 1.00000000000000000e+00
-2.50000000000000000e-01 2.50000000000000000e-01
-2.50000000000000000e-01 -2.50000000000000000e-01
-2.50000000000000000e-01 0.00000000000000000e+00
0.00000000000000000e+00 2.50000000000000000e-01
2.50000000000000000e-01 2.50000000000000000e-01
-7.50000000000000000e-01 7.50000000000000000e-01
-2.50000000000000000e-01 5.00000000000000000e-01
-2.50000000000000000e-01 7.50000000000000000e-01
0.00000000000000000e+00 -2.50000000000000000e-01
2.50000000000000000e-01 0.00000000000000000e+00
-1.25000000000000000e-01 1.25000000000000000e-01
-1.25000000000000000e-01 -1.25000000000000000e-01
1.25000000000000000e-01 1.25000000000000000e-01
-1.25000000000000000e-01 3.75000000000000000e-01
-7.50000000000000000e-01 2.50000000000000000e-01
-2.50000000000000000e-01 -7.50000000000000000e-01
-5.00000000000000000e-01 2.50000000000000000e-01
-3.75000000000000000e-01 1.25000000000000000e-01
-1.25000000000000000e-01 0.00000000000000000e+00
0.00000000000000000e+00 1.25000000000000000e-01
7.50000000000000000e-01 2.50000000000000000e-01
-2.50000000000000000e-01 1.25000000000000000e-01
-1.25000000000000000e-01 2.50000000000000000e-01
-7.50000000000000000e-01 -2.50000000000000000e-01
-5.00000000000000000e-01 -2.50000000000000000e-01
-2.50000000000000000e-01 -5.00000000000000000e-01
-1.25000000000000000e-01 -3.75000000000000000e-01
0.00000000000000000e+00 -1.25000000000000000e-01
1.25000000000000000e-01 0.00000000000000000e+00
-6.25000000000000000e-02 6.25000000000000000e-02
-6.25000000000000000e-02 -6.25000000000000000e-02
6.25000000000000000e-02 6.25000000000000000e-02
2.50000000000000000e-01 5.00000000000000000e-01
2.50000000000000000e-01 7.50000000000000000e-01
5.00000000000000000e-01 2.50000000000000000e-01
3.75000000000000000e-01 1.25000000000000000e-01
-7.50000000000000000e-01 -7.50000000000000000e-01
-5.00000000000000000e-01 -7.50000000000000000e-01
-3.75000000000000000e-01 -1.25000000000000000e-01
-6.25000000000000000e-02 0.00000000000000000e+00
0.00000000000000000e+00 6.25000000000000000e-02
0.00000000000000000e+00 7.50000000000000000e-01
1.25000000000000000e-01 3.75000000000000000e-01
7.50000000000000000e-01 5.00000000000000000e-01
7.50000000000000000e-01 7.50000000000000000e-01
-2.50000000000000000e-01 -1.25000000000000000e-01
-1.25000000000000000e-01 -2.50000000000000000e-01
-1.87500000000000000e-01 6.25000000000000000e-02
-1.87500000000000000e-01 -6.25000000000000000e-02
1.25000000000000000e-01 2.50000000000000000e-01
-6.25000000000000000e-02 1.87500000000000000e-01
6.25000000000000000e-02 1.87500000000000000e-01
2.50000000000000000e-01 1.25000000000000000e-01
-1.25000000000000000e-01 6.25000000000000000e-02
-6.25000000000000000e-02 1.25000000000000000e-01
-7.50000000000000000e-01 -5.00000000000000000e-01
-7.50000000000000000e-01 0.00000000000000000e+00
-7.50000000000000000e-01 5.00000000000000000e-01
-6.25000000000000000e-01 -1.25000000000000000e-01
-5.00000000000000000e-01 7.50000000000000000e-01
-3.75000000000000000e-01 3.75000000000000000e-01
-3.75000000000000000e-01 6.25000000000000000e-01
0.00000000000000000e+00 -7.50000000000000000e-01
0.00000000000000000e+00 -6.25000000000000000e-02
6.25000000000000000e-02 0.00000000000000000e+00
-3.12500000000000000e-02 3.12500000000000000e-02
-3.12500000000000000e-02 -3.12500000000000000e-02
3.12500000000000000e-02 3.12500000000000000e-02
7.50000000000000000e-01 0.00000000000000000e+00
5.00000000000000000e-01 7.50000000000000000e-01
-6.25000000000000000e-02 -1.87500000000000000e-01
1.87500000000000000e-01 6.25000000000000000e-02
-1.25000000000000000e-01 -6.25000000000000000e-02
-6.25000000000000000e-02 -1.25000000000000000e-01
6.25000000000000000e-02 1.25000000000000000e-01
1.25000000000000000e-01 6.25000000000000000e-02
-9.37500000000000000e-02 3.12500000000000000e-02
-9.37500000000000000e-02 -3.12500000000000000e-02
-3.12500000000000000e-02 9.37500000000000000e-02
3.12500000000000000e-02 9.37500000000000000e-02
-2.50000000000000000e-01 -1.00000000000000000e+00
-3.75000000000000000e-01 -3.75000000000000000e-01
-3.75000000000000000e-01 -6.25000000000000000e-01
-6.25000000000000000e-01 -3.75000000000000000e-01
-3.75000000000000000e-01 0.00000000000000000e+00
-6.25000000000000000e-01 1.25000000000000000e-01
-5.00000000000000000e-01 1.25000000000000000e-01
-6.25000000000000000e-01 3.75000000000000000e-01
0.00000000000000000e+00 -3.75000000000000000e-01
-1.25000000000000000e-01 -6.25000000000000000e-01
-3.12500000000000000e-02 0.00000000000000000e+00
0.00000000000000000e+00 3.12500000000000000e-02
0.00000000000000000e+00 3.75000000000000000e-01
-1.25000000000000000e-01 5.00000000000000000e-01
-1.25000000000000000e-01 6.25000000000000000e-01
1.25000000000000000e-01 6.25000000000000000e-01
6.25000000000000000e-01 1.25000000000000000e-01
3.75000000000000000e-01 3.75000000000000000e-01
6.25000000000000000e-01 3.75000000000000000e-01
3.75000000000000000e-01 6.25000000000000000e-01
1.00000000000000000e+00 2.50000000000000000e-01
-2.50000000000000000e-01 3.75000000000000000e-01
-2.50000000000000000e-01 -3.75000000000000000e-01
3.75000000000000000e-01 2.50000000000000000e-01
-6.25000000000000000e-02 3.12500000000000000e-02
-3.12500000000000000e-02 6.25000000000000000e-02
-6.25000000000000000e-02 -3.12500000000000000e-02
3.12500000000000000e-02 6.25000000000000000e-02
