1.02506175599566802e+01
-1.73116620426504220e+01
6.74299828127868128e+00
-5.57218025185293175e-01
5.07075371905697736e-01
-1.28585780794670222e-02
1.78005361732998496e-01
-5.26618135145803690e-01
4.15335849607963881e-01
3.14324356578963904e-01
8.35615086707024668e-01
-6.71474955629805923e+08
6.71474953357738018e+08
3.92791069082626407e+01
-1.73116593917507480e+01
-2.81375677039143142e+01
6.70757111202506717e+00
-4.31181830977387492e-01
2.33869535355477227e-02
2.41419575427425259e-01
-9.49961707531910005e-01
1.52765243357900737e+00
-9.48766348655327607e-01
-1.96933659333271366e-01
-1.14787047313073063e+09
1.14787047443581343e+09
4.35585693220367816e+01
-2.83778258169896347e+01
-2.85772983192158989e+01
6.60245085934631426e+00
7.31354184678119257e+00
-7.54437841594903458e-01
1.97914130031196761e-01
4.61433800204954971e-03
1.42452803715100644e-03
3.10469535657496958e-02
9.38385117988546902e-02
9.42648066295777331e+05
-9.42648041769353091e+05
4.00013132109272078e+01
-2.54232547272164844e+01
-2.65304287133459624e+01
6.09431402714783754e+00
6.73449393507388017e+00
-5.41342672345235698e-01
1.34274455864751330e+00
-7.91644978277296563e+00
1.12449377154690318e+01
-5.00632755158482023e+00
4.37882586771523419e-01
-9.77886380062925720e+09
9.77886380007686424e+09
4.07708427298201457e+01
-2.54232654063500085e+01
-2.75053916365490494e+01
5.49834521665439979e+00
5.44990503806070237e+00
-4.55192208429727574e-01
6.44184432915567307e+00
4.93055003016450055e-01
-9.81083231358896946e+00
4.54068924821037978e+00
-2.35385343498140970e-01
8.67259464483316231e+09
-8.67259464425199127e+09
4.31609794536630602e+01
-2.75054782943628524e+01
-2.78703357761229533e+01
6.09449143540628757e+00
4.54502604169927782e+00
3.03620857779949382e+00
-5.61098118409028151e-02
3.26621628018171559e-02
-1.42997079930621451e+00
-7.47298973701150237e-03
2.28998303303345058e-01
-3.33678834169274378e+09
3.33678834145969391e+09
4.23328970159942628e+01
-2.78703383964464670e+01
-2.38023187902503111e+01
5.05751770448466531e-01
5.44996098255170214e+00
1.34256481976137998e+00
2.65384749987104263e+00
-1.00654016528802526e+00
2.25441696676889514e-01
1.68733566681057628e-01
-6.78624654196226529e-02
5.75482010418903732e+09
-5.75482010389919281e+09
4.35618679004208218e+01
-2.83821631318572933e+01
-2.85784443754310580e+01
7.31431190530536490e+00
6.60435508097076607e+00
-7.55764086942747326e-01
1.99479651235968031e-01
3.04975671622893275e-03
2.65863528128663625e-03
3.06486643006652591e-02
1.15752089255993229e-01
3.73739473805824621e+06
-3.73739476227933168e+06
3.93310391388810388e+01
-2.83821631015533669e+01
-1.72874377307499820e+01
7.12736681504997271e+00
-8.03140156942252492e-01
1.67924804116268922e-01
-6.84822067706523582e-03
3.59370594955675353e-03
2.06926121261794188e-01
-3.57261375335962694e-01
1.00217056719737951e+00
-5.18150238199260179e+06
5.18150100168137718e+06
-2.88116006199856756e+00
1.20607445148522530e+01
-1.45641955923570130e+01
5.16311732555418601e+00
-2.88514017140240320e+00
8.32231467661011770e+00
-9.27005436015235063e+00
5.37017115379699028e+00
-1.37853515894803835e+00
6.27376740448248177e-02
-2.37972647809188587e-01
-2.55084323575709801e+10
2.55084323581349869e+10
