0
105
175
210
35
50
140
155
70
245
15
126
225
1
56
85
120
100
161
231
190
176
106
205
65
51
211
21
91
30
196
36
170
156
135
252
141
246
71
77
256
257
258
1
126
120
106
231
140
70
15
176
211
35
245
161
210
56
36
85
91
190
51
155
105
141
156
21
50
71
175
225
246
65
170
16
127
205
196
100
252
77
226
256
257
258
2
127
121
107
232
141
71
16
177
212
36
246
162
211
57
37
86
92
191
52
156
91
106
142
157
22
51
182
72
176
226
247
66
77
42
231
171
17
128
206
256
257
258
3
128
122
108
233
142
72
17
178
213
37
247
163
212
58
38
87
93
192
53
157
92
107
143
158
23
52
183
73
177
227
248
67
78
43
232
172
18
129
207
256
257
258
4
129
123
109
234
143
73
18
179
214
38
248
164
213
59
39
88
94
193
54
158
93
108
144
159
24
53
184
74
178
228
249
68
79
44
233
173
19
208
199
256
257
258
5
250
130
75
110
235
25
180
215
165
200
60
40
95
55
145
26
160
185
201
80
45
125
151
20
131
251
81
230
6
255
61
220
186
115
10
90
11
76
150
256
257
258
6
251
131
76
111
236
145
26
20
181
216
40
166
215
201
61
41
90
96
195
160
95
110
146
27
55
186
202
180
230
81
46
235
152
132
75
82
5
125
62
256
257
258
7
252
196
77
112
21
182
217
147
42
91
246
57
161
28
162
56
203
231
197
71
127
22
133
211
106
253
232
8
245
126
63
70
2
92
1
36
78
141
107
256
257
258
8
253
133
197
78
113
238
28
22
183
218
42
148
168
217
203
63
43
92
247
58
162
112
147
29
163
57
204
182
232
198
72
98
128
154
23
134
212
107
254
256
257
258
9
254
134
198
79
114
239
29
23
184
219
43
149
169
218
204
64
44
93
248
59
163
113
148
164
58
189
183
233
199
73
84
99
129
238
24
213
108
78
234
256
257
258
10
255
135
80
150
115
240
30
185
220
170
205
65
45
200
60
101
100
226
31
165
190
151
206
25
85
51
130
156
225
136
86
235
11
176
66
191
120
5
15
256
257
258
11
136
81
151
116
241
31
186
221
45
171
220
206
66
46
95
201
61
102
165
101
227
115
32
166
60
191
152
207
185
235
26
86
52
131
240
157
226
137
215
256
257
258
12
137
82
152
117
242
32
187
222
46
172
221
207
67
47
96
202
62
103
166
102
228
116
33
167
61
192
153
208
186
236
27
87
53
132
241
158
227
138
216
256
257
258
13
138
83
153
118
243
33
188
223
47
173
222
208
68
48
97
104
167
103
229
117
34
62
193
209
187
237
88
54
242
159
228
139
82
89
12
132
202
179
69
256
257
258
14
84
154
119
189
49
98
224
204
64
99
168
148
169
63
238
29
134
218
113
239
133
203
149
9
8
43
28
198
254
114
183
253
78
147
197
219
23
79
217
256
257
258
15
140
85
155
120
35
1
190
225
176
50
126
210
70
175
100
51
205
65
106
105
231
36
170
156
245
211
30
56
135
161
0
141
226
91
240
16
71
10
21
256
257
258
16
141
86
156
121
36
2
191
226
177
51
127
211
71
176
101
52
206
66
107
170
106
232
120
37
171
65
157
246
212
190
240
31
91
57
136
162
231
1
142
256
257
258
17
142
87
157
122
37
3
192
227
178
52
128
212
72
177
102
53
207
67
108
171
107
233
121
38
172
66
158
247
213
191
241
32
92
58
137
163
232
2
143
256
257
258
18
143
88
158
123
38
4
193
228
179
53
129
213
73
178
103
54
208
68
109
172
108
234
122
39
173
67
159
248
214
192
242
33
93
59
138
164
233
3
144
256
257
258
19
144
89
159
124
39
194
229
54
214
74
179
104
209
69
173
109
123
174
68
249
193
243
34
94
139
234
4
223
118
88
244
18
138
208
129
24
13
48
33
256
257
258
20
251
145
90
76
160
40
6
195
230
181
55
131
26
215
180
111
125
110
236
41
75
201
216
95
61
166
235
5
146
250
96
27
186
81
130
202
165
132
46
256
257
258
21
252
196
91
77
161
7
231
246
182
56
106
57
211
71
112
126
245
127
42
1
70
162
217
36
147
141
176
120
232
2
197
22
140
28
210
203
16
51
15
256
257
258
22
253
197
92
78
162
42
8
232
247
183
57
133
28
217
182
107
58
212
72
113
127
112
238
246
128
43
2
77
71
203
163
218
147
37
148
63
142
168
7
256
257
258
23
254
198
93
79
163
43
9
233
248
184
58
134
29
218
183
108
59
213
73
114
128
113
239
247
129
44
3
78
72
204
164
219
148
38
149
64
143
169
238
256
257
258
24
199
94
164
44
234
249
59
219
184
109
214
74
129
114
248
4
79
73
149
39
144
239
9
179
123
93
254
23
143
213
198
134
19
54
18
38
159
169
108
256
257
258
25
130
200
5
60
250
235
165
185
80
75
110
255
180
45
95
215
150
10
151
115
40
220
55
201
26
135
81
240
145
160
30
31
11
131
136
125
186
101
20
256
257
258
26
131
201
215
145
95
6
40
61
251
110
236
166
186
235
20
81
76
111
180
160
165
55
5
181
46
75
96
216
151
90
11
130
152
250
60
116
195
41
230
256
257
258
27
132
202
216
146
96
41
62
111
237
167
187
236
82
181
166
6
47
76
97
152
12
131
153
251
61
117
222
46
195
26
20
137
83
145
242
186
201
90
32
256
257
258
28
133
203
217
197
147
8
42
63
253
112
238
168
22
78
113
182
162
148
57
7
183
77
98
218
92
154
252
247
43
232
246
58
204
196
29
21
127
84
71
256
257
258
29
134
204
218
198
148
9
43
64
254
113
239
169
189
238
23
84
79
114
183
163
149
168
58
8
184
78
99
219
154
93
14
133
253
63
119
248
44
98
233
256
257
258
30
135
205
100
150
10
65
255
240
170
190
225
85
80
115
185
51
226
220
155
101
15
156
120
176
200
45
50
60
206
31
140
86
165
151
25
35
36
1
16
256
257
258
31
136
206
220
101
151
11
45
66
115
241
171
191
240
226
86
81
116
185
165
170
60
10
186
80
52
227
221
156
102
95
16
135
157
255
65
121
177
201
46
256
257
258
32
137
207
221
102
152
12
46
67
116
242
172
192
241
227
87
82
117
186
166
171
61
11
187
81
53
228
222
157
103
96
17
136
158
66
122
178
202
47
236
256
257
258
33
138
208
222
103
153
13
47
68
117
243
173
193
242
228
88
83
118
187
167
172
62
12
188
82
54
229
223
158
104
97
18
137
159
67
123
179
48
237
53
256
257
258
34
139
209
223
104
48
69
118
244
174
194
243
229
89
188
173
13
83
159
19
138
68
124
54
33
153
144
193
208
97
39
179
47
88
222
123
103
167
214
74
256
257
258
35
140
210
175
105
155
50
15
70
126
1
0
245
225
85
120
190
176
56
231
106
100
161
205
51
65
211
36
91
170
156
30
21
141
135
196
71
246
226
252
256
257
258
36
141
211
176
106
156
51
16
71
120
127
2
231
91
1
246
226
86
121
190
170
65
15
191
126
85
177
57
232
161
107
21
101
140
162
77
70
182
206
240
256
257
258
37
142
212
177
107
157
52
17
72
121
128
3
232
92
2
247
227
87
122
191
171
66
16
192
127
86
178
58
233
162
108
22
102
141
163
78
71
183
207
241
256
257
258
38
143
213
178
108
158
53
18
73
122
129
4
233
93
3
248
228
88
123
192
172
67
17
193
128
87
179
59
234
163
109
23
103
142
164
79
72
184
208
242
256
257
258
39
144
214
179
109
159
54
19
74
123
234
94
4
249
229
89
124
193
173
68
18
194
129
88
164
24
104
143
73
209
243
59
69
208
38
248
158
199
138
228
256
257
258
40
145
215
180
110
160
55
20
26
251
75
131
6
235
95
201
5
76
230
90
250
125
195
130
181
61
236
165
111
166
81
186
25
60
216
41
151
200
96
45
256
257
258
41
146
216
181
111
27
76
132
236
96
202
6
251
195
20
131
90
62
237
166
145
167
82
187
26
61
40
160
152
230
201
97
215
46
47
12
186
55
153
117
256
257
258
42
217
197
182
112
162
57
22
28
253
77
133
147
8
203
7
246
78
232
92
252
127
71
21
91
183
63
238
196
247
113
107
2
168
212
58
72
211
148
218
256
257
258
43
218
198
183
113
163
58
23
29
254
78
134
148
9
238
204
8
247
79
233
93
253
128
72
22
133
92
184
64
239
197
248
168
114
108
3
169
84
189
213
256
257
258
44
219
199
184
114
164
59
24
79
149
239
9
248
234
94
254
129
73
23
134
93
198
249
169
109
4
214
29
64
74
213
43
163
143
233
204
108
218
99
123
256
257
258
45
151
220
185
115
165
60
31
80
136
11
240
206
101
10
81
235
200
95
255
130
135
25
226
201
186
66
241
150
170
116
110
5
171
86
191
215
30
65
61
256
257
258
46
152
221
186
116
166
61
32
81
137
12
241
207
102
11
82
236
201
96
131
136
26
95
227
202
187
67
242
151
171
117
111
6
172
87
192
216
31
66
62
256
257
258
47
153
222
187
117
167
62
33
82
138
13
242
208
103
12
83
237
202
97
132
137
27
96
228
188
68
243
152
172
118
173
88
193
32
67
216
223
48
46
166
256
257
258
48
223
188
118
34
83
139
243
209
104
13
138
97
229
69
244
153
173
174
89
194
33
68
47
167
159
237
208
222
54
19
193
62
103
124
117
88
187
144
179
256
257
258
49
119
224
14
84
189
99
154
98
64
169
204
168
148
29
63
134
239
238
149
218
113
9
114
133
203
198
43
219
254
8
28
79
183
23
253
147
44
184
78
256
257
258
50
155
175
35
225
140
15
210
105
85
0
100
190
205
70
1
120
126
65
176
245
30
51
135
106
231
170
56
156
36
161
150
211
240
10
255
226
91
141
16
256
257
258
51
156
176
190
170
120
36
65
226
141
16
85
211
106
86
15
240
1
101
205
135
191
206
71
2
100
231
30
140
121
225
127
115
126
155
91
10
220
66
177
256
257
258
52
157
177
191
171
121
37
66
227
142
17
86
212
107
87
16
241
2
102
206
136
192
207
72
3
101
232
31
141
122
226
128
116
127
156
92
11
221
67
178
256
257
258
53
158
178
192
172
122
38
67
228
143
18
87
213
108
88
17
242
3
103
207
137
193
208
73
102
4
233
32
142
123
227
129
117
128
157
93
12
222
68
179
256
257
258
54
159
179
193
173
123
39
68
229
144
19
88
214
109
89
18
243
104
4
208
138
194
209
74
103
234
33
143
124
228
118
129
158
94
13
223
69
249
34
38
256
257
258
55
160
180
125
40
75
230
145
20
215
110
90
250
5
251
26
195
76
6
235
131
130
95
201
181
25
165
111
236
60
61
200
41
166
81
216
186
151
185
96
256
257
258
56
161
245
126
70
231
21
196
1
91
106
252
210
140
77
211
7
105
35
246
120
15
176
71
182
36
57
175
127
155
141
0
112
51
50
85
190
162
42
156
256
257
258
57
162
182
246
127
42
77
71
232
22
91
197
217
112
2
92
252
21
7
107
253
211
141
196
28
78
212
8
106
36
147
231
247
133
121
161
16
177
203
72
256
257
258
58
163
183
247
128
43
78
72
233
23
92
198
218
113
3
93
253
22
108
8
254
212
142
197
29
79
213
9
107
238
37
148
232
248
134
122
133
162
17
178
256
257
258
59
164
184
248
129
44
79
73
234
24
93
199
219
4
114
94
254
23
9
109
213
143
198
214
108
239
38
149
233
249
123
134
163
18
179
74
39
43
29
58
256
257
258
60
165
185
200
130
45
80
235
25
151
220
5
115
95
255
10
110
250
31
81
215
150
11
240
201
136
75
135
101
26
180
206
186
40
30
61
170
131
226
145
256
257
258
61
166
186
201
131
46
81
236
26
152
95
221
6
116
96
111
11
215
251
145
32
82
216
151
12
110
241
202
40
235
137
76
136
165
20
102
27
181
207
187
256
257
258
62
167
187
202
132
47
82
237
27
153
96
222
117
97
12
216
146
33
83
152
13
111
242
41
236
138
137
166
103
208
188
46
32
61
181
172
228
118
6
243
256
257
258
63
168
203
133
238
28
98
154
148
8
147
113
217
197
253
84
218
112
14
204
42
78
22
29
183
189
43
64
182
134
162
7
119
198
58
57
92
77
49
247
256
257
258
64
169
189
204
134
84
239
29
99
149
224
9
119
148
14
114
218
198
254
219
154
113
43
238
79
49
168
23
98
184
44
63
183
163
8
133
199
59
58
93
256
257
258
65
170
190
205
135
85
51
240
30
226
100
156
176
120
10
225
101
15
115
255
150
36
86
220
155
16
206
141
1
80
140
106
31
185
211
50
191
45
35
66
256
257
258
66
171
191
206
136
86
52
241
31
227
101
157
177
121
11
226
102
16
116
220
151
37
87
221
156
17
115
207
45
240
142
2
81
141
170
107
32
186
212
51
256
257
258
67
172
192
207
137
87
53
242
32
228
102
158
178
12
122
227
103
17
117
221
152
38
88
222
157
18
116
208
46
241
143
3
82
142
171
108
33
187
213
52
256
257
258
68
173
193
208
138
88
54
243
33
229
103
159
179
13
123
228
104
118
18
222
153
39
89
223
158
117
19
209
47
242
144
4
83
143
172
109
34
188
214
53
256
257
258
69
174
194
209
139
89
244
34
104
124
229
19
223
159
118
48
243
144
173
54
39
68
188
13
138
179
74
83
214
193
123
33
109
208
249
88
153
94
103
4
256
257
258
70
126
245
210
1
140
56
35
231
105
161
15
106
120
175
155
176
91
50
21
211
0
85
196
36
190
225
51
252
246
71
77
141
156
7
65
100
205
127
182
256
257
258
71
127
246
211
2
141
91
57
36
232
106
162
182
77
16
231
107
21
121
176
156
42
177
252
92
161
51
120
22
212
1
196
7
86
197
112
126
37
191
217
256
257
258
72
128
247
212
3
142
92
58
37
233
107
163
183
78
17
232
108
22
122
177
157
43
178
253
93
162
52
23
121
213
2
197
8
87
198
113
127
38
192
218
256
257
258
73
129
248
213
4
143
93
59
38
234
108
164
184
79
18
233
109
123
23
178
158
44
179
254
94
163
53
122
24
214
3
198
9
88
199
114
128
39
193
219
256
257
258
74
249
214
144
94
39
109
19
234
24
124
179
159
164
54
123
4
199
89
129
194
59
229
44
73
193
173
18
248
143
184
69
104
68
88
209
219
174
79
38
256
257
258
75
180
250
5
55
110
40
130
215
160
235
25
125
145
230
95
20
26
165
200
60
251
201
131
90
6
76
185
195
80
45
81
151
61
181
186
236
166
111
255
256
257
258
76
181
251
6
20
195
90
111
145
41
131
216
236
160
40
26
146
230
215
55
96
27
166
201
61
180
202
110
132
125
95
75
186
235
81
46
82
152
62
5
256
257
258
77
182
252
7
21
246
196
57
91
112
42
217
162
71
161
127
231
147
211
197
106
56
232
22
28
253
2
203
36
141
133
92
126
8
1
107
245
78
70
176
256
257
258
78
183
253
8
22
247
197
58
92
113
43
133
218
163
238
72
162
42
28
128
232
148
212
198
217
107
57
233
23
29
168
203
63
254
3
182
204
37
112
142
256
257
258
79
184
254
9
23
248
198
59
93
114
44
134
219
164
239
73
163
43
29
129
233
149
213
199
218
108
58
234
24
169
204
64
4
183
38
113
143
94
128
148
256
257
258
80
185
255
10
200
60
150
115
45
135
220
165
240
25
30
130
151
235
31
101
170
205
65
5
206
226
136
95
100
250
11
110
81
190
215
201
75
85
86
51
256
257
258
81
186
11
201
61
95
151
116
46
136
221
166
241
26
165
45
31
131
235
152
215
220
110
60
236
32
102
171
206
66
6
185
207
40
115
145
227
137
96
130
256
257
258
82
187
12
202
62
96
152
117
47
137
222
167
242
27
166
46
32
132
236
153
216
221
111
61
237
33
103
172
207
67
186
208
41
116
146
228
138
97
131
102
256
257
258
83
188
13
97
153
118
48
138
223
243
167
47
33
237
222
62
34
104
173
208
68
187
209
117
229
139
132
103
82
202
193
27
242
88
89
54
159
69
12
228
256
257
258
84
189
14
204
64
154
119
148
224
169
98
99
29
168
49
134
238
218
113
63
239
9
43
198
149
133
254
8
114
203
183
28
23
219
79
78
253
163
197
58
256
257
258
85
190
15
225
205
100
65
155
120
176
51
140
170
30
50
1
35
135
156
240
175
36
226
106
126
210
70
10
211
150
231
141
105
255
101
16
115
86
245
220
256
257
258
86
191
16
226
206
101
66
156
121
177
52
141
171
31
51
170
2
36
136
240
157
220
115
65
241
176
37
227
107
127
211
71
11
190
212
45
151
120
232
142
256
257
258
87
192
17
227
207
102
67
157
122
178
53
142
172
32
52
171
3
37
137
241
158
221
116
66
242
177
38
228
108
128
212
72
12
191
213
46
152
121
233
143
256
257
258
88
193
18
228
208
103
68
158
123
179
54
143
173
33
53
172
4
38
138
242
159
222
117
67
243
178
39
229
109
129
213
73
13
192
214
47
153
122
234
144
256
257
258
89
194
19
229
209
104
69
159
124
144
174
34
54
173
39
139
243
223
118
68
244
179
214
74
193
48
123
138
109
13
88
208
249
188
33
94
4
83
18
234
256
257
258
90
195
20
230
76
160
251
181
145
55
6
40
125
180
41
111
131
215
26
216
236
146
75
110
201
27
95
5
96
61
166
250
235
202
132
186
130
81
165
46
256
257
258
91
246
21
231
211
106
71
77
161
252
182
196
57
127
36
56
7
1
126
141
162
176
2
120
70
42
232
112
245
16
51
217
156
140
107
22
15
121
197
92
256
257
258
92
247
22
232
212
107
72
78
162
253
183
197
58
128
37
57
8
2
42
127
142
163
177
3
121
71
182
43
233
113
246
133
217
28
17
52
218
157
238
77
256
257
258
93
248
23
233
213
108
73
79
163
254
184
198
59
129
38
58
9
3
43
128
143
164
178
4
122
72
183
44
234
114
247
134
218
29
18
53
219
158
239
78
256
257
258
94
249
24
234
214
109
74
164
199
39
59
4
44
129
144
179
123
73
184
248
219
19
54
159
79
143
114
18
124
93
213
193
38
149
89
9
88
254
229
23
256
257
258
95
201
235
215
26
110
81
165
186
61
151
131
40
60
11
5
45
130
145
166
180
6
251
185
75
250
46
236
116
25
136
200
220
31
20
55
221
160
241
80
256
257
258
96
202
236
216
27
111
82
166
187
62
152
132
41
61
12
6
46
131
146
167
181
186
76
251
47
237
117
26
137
201
221
32
222
242
81
145
116
153
20
97
256
257
258
97
237
83
167
188
153
62
13
47
132
187
48
118
27
138
202
222
33
223
243
82
146
117
96
216
208
41
103
34
12
68
173
104
242
111
209
139
229
236
152
256
257
258
98
154
168
63
14
84
238
148
203
189
204
133
119
49
28
113
64
8
218
224
29
147
99
217
253
134
169
197
43
78
112
183
42
198
22
239
9
254
58
149
256
257
258
99
224
169
119
189
64
84
239
49
149
14
204
134
29
114
154
9
219
148
98
218
254
198
44
168
238
79
113
184
43
199
23
63
59
24
164
183
8
133
163
256
257
258
100
205
225
30
85
190
65
135
155
15
50
150
170
10
255
240
120
51
140
176
35
175
156
115
226
80
1
101
210
185
220
36
126
105
70
106
206
86
211
16
256
257
258
101
206
226
31
240
220
86
115
170
191
66
136
156
45
16
65
51
151
171
10
135
11
185
241
121
52
80
190
141
255
177
30
36
176
205
60
165
157
116
227
256
257
258
102
207
227
32
241
221
87
116
171
192
67
137
157
46
17
66
52
152
172
11
136
12
186
242
122
53
81
191
142
178
31
37
177
206
61
166
158
117
228
151
256
257
258
103
208
228
33
242
222
88
117
172
193
68
138
158
47
18
67
53
153
173
12
137
13
187
243
123
54
82
192
143
179
32
38
178
207
62
167
159
118
229
152
256
257
258
104
209
229
34
243
223
89
118
173
194
69
139
159
48
19
68
54
174
13
138
188
244
124
83
193
144
33
39
179
208
153
88
123
103
214
222
47
109
74
18
256
257
258
105
210
0
35
175
70
140
245
50
126
155
15
1
56
225
161
120
231
85
106
176
190
100
211
91
21
205
51
196
36
65
252
156
30
170
246
141
71
77
135
256
257
258
106
211
231
1
36
176
91
120
126
71
141
161
246
51
21
70
127
56
156
15
140
16
190
2
245
77
57
85
252
196
182
35
210
65
170
226
162
121
232
155
256
257
258
107
212
232
2
37
177
92
121
127
72
142
162
247
52
22
71
128
57
157
16
141
17
191
3
246
78
58
86
253
197
183
36
42
182
211
66
171
227
163
122
256
257
258
108
213
233
3
38
178
93
122
128
73
143
163
248
53
23
72
129
58
158
17
142
18
192
4
247
79
59
87
254
198
184
37
43
183
212
67
172
228
164
123
256
257
258
109
214
234
4
39
179
94
123
129
74
144
164
249
54
24
73
59
159
18
143
19
193
248
88
199
38
44
184
213
68
173
229
124
158
89
93
79
108
228
219
256
257
258
110
215
235
5
40
180
95
75
26
130
250
145
201
165
55
131
60
160
25
251
20
6
81
200
61
151
186
45
185
76
230
125
166
236
90
11
80
111
220
181
256
257
258
111
216
236
6
41
181
96
76
27
131
251
146
202
166
132
61
26
20
145
195
82
201
62
90
152
187
40
46
186
215
167
237
160
12
95
81
110
230
221
55
256
257
258
112
217
147
7
42
182
77
28
252
203
197
57
196
133
162
21
253
246
22
8
63
91
71
78
232
127
168
238
161
92
113
231
183
211
56
2
247
107
106
148
256
257
258
113
218
238
148
8
43
183
78
29
133
253
204
168
198
58
197
134
63
163
28
22
254
247
23
9
84
203
64
92
154
189
42
98
217
72
79
233
128
169
239
256
257
258
114
219
239
149
9
44
184
79
134
254
169
199
59
198
64
164
29
23
248
24
204
93
43
99
189
218
73
234
129
163
94
84
148
113
233
224
213
58
4
183
256
257
258
115
220
240
10
45
185
101
80
31
135
255
206
151
170
226
60
136
65
150
165
30
200
11
86
205
66
156
191
51
190
81
25
235
130
171
100
241
95
16
85
256
257
258
116
221
241
11
46
186
102
81
32
136
207
152
171
227
61
137
66
151
166
31
201
12
87
206
67
95
157
192
45
52
191
220
82
26
236
131
172
101
242
165
256
257
258
117
222
242
12
47
187
103
82
33
137
208
153
172
228
62
138
67
152
167
32
202
13
88
207
68
96
158
193
46
53
192
221
83
27
237
132
173
102
243
166
256
257
258
118
223
243
13
48
188
104
83
34
138
209
173
229
139
68
153
33
89
208
69
97
159
194
47
54
193
222
174
103
244
167
19
88
117
237
179
62
144
187
228
256
257
258
119
224
49
14
189
99
84
64
154
169
204
98
148
29
239
134
168
149
238
218
63
9
114
113
198
219
254
43
133
8
203
79
23
44
184
28
183
78
253
199
256
257
258
120
176
1
15
51
190
106
85
36
140
211
156
126
231
65
141
70
155
170
35
225
205
16
91
226
210
100
71
50
161
245
56
246
127
175
86
30
240
135
105
256
257
258
121
177
2
16
52
191
107
86
37
141
212
157
127
232
66
142
71
156
171
36
226
206
17
92
227
211
101
72
51
162
246
57
247
128
176
87
31
241
136
106
256
257
258
122
178
3
17
53
192
108
87
38
142
213
158
128
233
67
143
72
157
172
37
227
207
18
93
228
212
102
73
52
163
247
58
248
129
177
88
32
242
137
107
256
257
258
123
179
4
18
54
193
109
88
39
143
214
159
129
234
68
144
73
158
173
38
228
208
19
94
229
213
103
74
53
164
248
59
249
178
89
33
243
138
108
172
256
257
258
124
19
194
89
144
69
74
159
174
39
229
209
214
104
54
249
179
34
244
139
109
173
94
123
243
223
68
193
234
118
4
24
48
88
138
164
18
13
129
208
256
257
258
125
230
55
160
180
90
75
20
40
145
195
250
251
215
5
110
76
6
26
181
235
130
131
95
25
201
111
236
41
165
200
60
216
61
166
146
81
186
96
185
256
257
258
126
70
1
245
231
56
140
161
210
106
35
120
15
105
176
91
211
21
155
36
175
85
196
50
190
51
246
252
71
141
0
77
225
156
127
7
65
182
100
57
256
257
258
127
71
2
246
232
57
141
162
211
107
36
91
121
16
182
106
177
92
77
212
22
42
231
156
21
37
176
86
197
51
252
191
52
247
253
120
72
161
217
7
256
257
258
128
72
3
247
233
58
142
163
212
108
37
92
122
17
183
107
178
93
78
213
23
43
232
157
22
38
177
87
198
52
253
192
53
248
254
121
73
162
218
8
256
257
258
129
73
4
248
234
59
143
164
213
109
38
93
123
18
184
108
179
94
79
214
24
44
233
158
23
39
178
88
199
53
254
193
54
249
122
74
163
219
9
114
256
257
258
130
25
5
235
200
250
60
165
110
75
185
180
95
80
215
45
40
151
255
201
55
26
220
10
115
145
81
150
160
131
11
31
186
240
61
20
251
125
135
136
256
257
258
131
26
6
236
201
251
61
145
166
215
111
40
95
76
20
186
110
181
96
81
216
46
235
160
41
180
152
90
55
202
195
27
165
221
11
116
75
146
5
82
256
257
258
132
27
237
202
62
146
167
216
41
96
187
111
97
82
47
236
181
153
166
222
12
117
76
6
83
152
131
13
251
61
33
188
46
242
195
137
138
20
26
32
256
257
258
133
28
8
238
203
197
253
63
168
217
113
42
78
22
147
148
112
183
218
162
98
43
182
154
92
57
204
247
58
29
77
7
84
232
163
198
134
14
252
72
256
257
258
134
29
9
239
204
198
254
64
169
218
114
43
79
23
148
149
189
113
184
84
219
238
163
99
44
183
93
58
248
59
168
224
14
119
78
8
154
233
164
199
256
257
258
135
30
10
240
205
255
65
150
170
115
100
80
190
185
85
220
226
101
225
51
45
156
206
200
60
31
176
15
120
86
155
151
165
136
16
25
36
50
191
66
256
257
258
136
31
11
241
206
66
151
171
220
116
101
45
81
191
115
186
86
221
227
102
226
52
240
165
46
185
157
95
60
207
201
61
32
177
170
16
121
80
10
87
256
257
258
137
32
12
242
207
67
152
172
221
117
102
46
82
192
116
187
87
222
228
103
227
53
241
166
47
186
158
96
61
208
202
62
33
178
171
17
122
81
11
88
256
257
258
138
33
13
243
208
68
153
173
222
118
103
47
83
193
117
188
88
223
229
104
228
54
242
167
48
187
159
97
62
209
34
179
172
18
123
82
12
89
158
237
256
257
258
139
34
244
209
69
174
223
104
48
194
118
89
229
243
188
173
19
124
83
13
159
138
68
54
144
33
153
39
97
193
208
179
123
47
88
214
74
222
103
167
256
257
258
140
35
15
210
1
70
155
126
50
120
175
105
85
245
225
176
190
231
106
56
0
161
51
100
211
205
65
36
91
156
170
141
21
30
71
135
246
226
16
196
256
257
258
141
36
16
211
2
71
156
127
51
121
176
106
86
246
226
177
120
191
91
232
107
231
57
170
1
190
162
52
101
65
212
206
66
37
182
77
21
85
126
15
256
257
258
142
37
17
212
3
72
157
128
52
122
177
107
87
247
227
178
121
192
92
233
108
232
58
171
2
191
163
53
102
66
213
207
67
38
183
78
22
86
127
16
256
257
258
143
38
18
213
4
73
158
129
53
123
178
108
88
248
228
179
122
193
93
234
109
233
59
172
3
192
164
54
103
67
214
208
68
39
184
79
23
87
128
17
256
257
258
144
39
19
214
74
159
54
124
179
109
89
249
229
123
194
94
234
173
4
193
104
68
209
69
24
88
129
18
164
243
174
143
34
73
59
208
118
199
223
139
256
257
258
145
40
251
20
215
6
26
160
131
76
55
180
110
90
201
230
181
195
95
75
236
111
235
61
5
125
166
250
216
41
186
81
130
96
165
146
46
60
27
25
256
257
258
146
41
216
27
132
181
111
202
96
76
237
236
62
6
195
167
251
187
82
90
131
20
97
166
145
47
61
26
152
153
12
40
160
230
46
201
117
222
83
215
256
257
258
147
112
217
203
28
42
7
133
63
182
197
77
252
8
253
168
196
57
22
238
162
21
98
246
78
113
148
91
154
92
232
183
71
127
161
218
247
43
56
231
256
257
258
148
238
113
218
204
29
168
84
43
8
63
134
133
154
189
64
183
198
98
78
253
14
28
9
254
169
203
197
58
23
239
163
22
119
99
247
79
217
224
114
256
257
258
149
239
114
219
169
44
9
64
134
184
199
99
79
254
29
189
204
198
59
24
164
224
23
84
248
119
218
43
148
93
94
234
14
113
73
129
163
49
249
238
256
257
258
150
255
10
30
135
80
205
185
240
200
115
100
65
60
170
220
45
25
225
190
85
165
101
130
226
151
31
51
206
155
235
156
15
5
136
176
120
50
250
86
256
257
258
151
45
11
31
220
136
165
81
60
185
95
115
206
186
235
241
201
116
101
80
66
240
61
171
200
10
130
221
110
46
26
215
226
255
191
25
86
5
166
102
256
257
258
152
46
12
32
221
137
166
82
61
186
96
116
207
187
236
242
202
117
102
81
67
241
62
172
201
11
131
222
111
47
27
216
227
192
26
87
6
167
103
132
256
257
258
153
47
13
33
222
138
167
83
62
187
97
117
208
188
237
243
118
103
82
68
242
173
202
12
132
223
48
228
193
27
88
104
137
96
172
229
152
34
54
209
256
257
258
154
98
14
168
84
63
148
189
238
204
119
49
64
203
133
224
113
29
218
28
99
8
169
134
147
43
253
197
217
239
198
183
78
9
254
42
112
22
149
58
256
257
258
155
50
225
15
35
140
175
85
100
210
190
205
120
105
1
70
126
176
0
65
30
51
245
170
106
135
231
156
36
56
211
150
240
161
226
10
141
255
91
16
256
257
258
156
51
226
16
36
141
176
170
86
65
190
120
101
211
191
240
206
121
106
2
85
71
127
177
1
66
205
15
135
115
31
220
231
52
30
91
246
10
100
171
256
257
258
157
52
227
17
37
142
177
171
87
66
191
121
102
212
192
241
207
122
107
3
86
72
128
178
2
67
206
16
136
116
32
221
232
53
31
92
247
11
101
172
256
257
258
158
53
228
18
38
143
178
172
88
67
192
122
103
213
193
242
208
123
108
4
87
73
129
179
3
68
207
17
137
117
33
222
233
54
32
93
248
12
102
173
256
257
258
159
54
229
19
39
144
179
173
89
68
193
123
104
214
194
243
209
124
109
88
74
4
69
208
18
138
118
34
223
234
33
94
249
13
103
174
139
143
228
129
256
257
258
160
55
230
20
40
145
180
90
125
251
75
215
195
76
110
6
26
131
181
5
250
235
201
95
111
236
130
41
61
216
25
165
166
81
146
186
60
96
200
27
256
257
258
161
56
231
21
91
196
126
245
252
70
106
1
77
211
246
7
182
71
210
140
120
36
176
57
35
127
15
105
112
141
162
42
51
217
2
156
155
190
85
175
256
257
258
162
57
232
22
42
182
92
127
197
246
253
71
107
77
2
217
78
212
112
247
8
91
28
133
183
7
252
72
211
21
141
121
37
147
177
58
36
203
128
196
256
257
258
163
58
233
23
43
183
93
128
198
247
72
254
108
78
3
218
79
213
113
248
9
92
29
134
184
8
73
253
212
22
142
122
38
178
148
238
59
37
204
197
256
257
258
164
59
234
24
44
184
94
129
199
248
73
109
79
4
219
214
114
249
93
9
74
254
213
23
143
123
39
179
149
239
38
198
18
108
144
233
134
163
54
29
256
257
258
165
60
235
45
185
151
95
130
200
110
25
80
5
220
81
201
215
115
11
31
250
26
136
186
10
255
75
40
180
240
61
206
131
101
150
116
145
241
135
166
256
257
258
166
61
236
46
186
152
96
131
201
111
26
81
6
221
82
202
216
116
12
95
32
251
27
137
187
11
215
145
76
41
181
241
62
40
207
132
102
20
110
151
256
257
258
167
62
237
47
187
153
97
132
202
27
82
222
83
117
13
96
33
138
188
12
216
146
242
41
208
103
111
152
118
236
243
137
166
48
68
223
228
32
46
172
256
257
258
168
63
238
98
148
154
133
203
113
28
8
84
204
218
14
253
29
197
147
189
217
78
43
183
64
42
134
22
112
119
198
169
49
58
224
9
254
99
247
163
256
257
258
169
64
239
99
149
189
134
204
114
29
84
9
224
219
119
254
198
148
14
218
79
44
184
43
49
23
113
154
238
199
168
59
98
248
164
163
93
183
24
63
256
257
258
170
65
240
226
51
190
156
135
101
205
115
30
85
10
176
86
206
220
120
100
16
36
255
31
141
191
15
150
225
80
45
185
66
211
136
106
1
155
121
151
256
257
258
171
66
241
227
52
191
157
136
102
206
116
31
86
11
177
87
207
221
121
101
17
37
32
142
192
16
151
226
220
81
46
186
67
45
212
137
107
2
115
156
256
257
258
172
67
242
228
53
192
158
137
103
207
117
32
87
12
178
88
208
222
122
102
18
38
33
143
193
17
152
227
221
82
47
187
68
46
213
138
108
3
116
157
256
257
258
173
68
243
229
54
193
159
138
104
208
118
33
88
13
179
89
209
223
123
103
19
39
34
144
194
18
153
228
222
83
48
188
69
47
214
139
109
4
117
158
256
257
258
174
69
244
194
139
209
34
89
124
104
19
229
223
48
118
159
243
144
173
54
39
188
68
74
13
179
83
138
214
193
123
249
109
33
208
153
88
94
97
4
256
257
258
175
50
35
105
155
0
210
140
15
225
70
85
126
1
245
100
120
190
205
176
56
231
106
65
161
30
51
170
211
135
36
156
91
21
150
141
240
226
10
196
256
257
258
176
120
51
36
106
156
190
1
211
15
141
85
65
170
231
16
140
126
226
71
91
205
70
155
86
127
225
35
2
246
100
240
161
101
135
121
210
56
30
191
256
257
258
177
121
52
37
107
157
191
2
212
16
142
86
66
171
232
17
141
227
127
72
92
206
71
156
87
128
226
36
3
247
101
241
162
102
136
122
211
57
31
192
256
257
258
178
122
53
38
108
158
192
3
213
17
143
87
67
172
233
18
142
228
128
73
93
207
72
157
88
227
129
37
4
248
102
242
163
103
137
123
212
58
32
193
256
257
258
179
123
54
39
109
159
193
4
214
18
144
88
68
173
234
19
143
129
229
74
94
208
73
158
89
228
38
249
103
243
164
104
138
124
213
59
33
194
53
248
256
257
258
180
75
55
40
110
160
5
250
215
145
125
235
20
230
130
26
251
95
25
90
131
201
6
165
76
60
195
200
181
61
81
236
111
185
186
151
166
45
80
216
256
257
258
181
76
41
111
195
6
251
216
20
146
90
236
145
131
27
96
160
26
132
230
40
202
166
215
61
55
201
180
62
110
82
125
237
95
186
187
152
167
46
75
256
257
258
182
77
57
42
246
112
162
7
252
217
21
91
71
196
197
127
22
147
232
28
253
211
161
92
231
133
2
203
8
106
107
78
141
36
56
212
247
183
63
121
256
257
258
183
78
58
43
247
113
163
8
253
218
22
92
72
197
198
128
238
23
148
233
133
29
254
212
162
28
93
134
232
3
42
204
9
107
168
108
79
142
217
63
256
257
258
184
79
59
44
248
114
164
9
254
219
23
93
73
198
199
129
239
24
149
234
134
213
163
29
94
233
4
43
108
169
109
143
218
64
38
58
204
214
249
183
256
257
258
185
80
60
45
115
200
165
10
255
220
151
25
240
130
150
135
235
31
101
30
95
136
5
206
11
170
110
81
226
250
65
205
201
215
186
66
75
86
100
241
256
257
258
186
81
61
46
116
201
166
11
221
95
152
26
241
131
151
136
236
32
102
215
165
31
96
137
235
6
45
207
12
110
171
111
82
227
145
251
220
66
40
60
256
257
258
187
82
62
47
117
202
167
12
222
96
153
27
132
242
152
237
137
33
103
216
166
32
97
138
236
46
208
13
111
172
83
146
228
221
67
41
61
207
188
186
256
257
258
188
83
48
118
13
223
97
243
153
138
34
104
167
33
237
139
47
209
173
229
222
68
62
208
187
69
117
89
103
132
244
193
194
159
174
54
82
202
88
27
256
257
258
189
84
64
119
204
169
99
14
224
29
134
154
148
49
239
98
218
149
168
238
9
113
114
198
254
43
63
219
79
23
133
8
184
183
44
203
78
163
28
253
256
257
258
190
85
65
51
120
205
170
176
15
100
225
156
30
135
155
226
1
140
240
36
106
50
35
141
10
211
101
16
126
115
86
150
231
255
70
175
210
206
220
191
256
257
258
191
86
66
52
121
206
171
177
16
101
226
157
31
136
156
227
2
241
141
37
107
220
51
170
36
240
142
11
212
102
17
115
127
116
87
151
232
71
45
176
256
257
258
192
87
67
53
122
207
172
178
17
102
227
158
32
137
157
228
3
142
242
38
108
221
52
171
37
143
241
12
213
103
18
116
128
117
88
152
233
72
46
177
256
257
258
193
88
68
54
123
208
173
179
18
103
228
159
33
138
158
229
4
143
243
39
109
222
53
172
38
242
144
13
214
104
19
117
129
118
89
153
234
73
47
178
256
257
258
194
89
69
124
209
174
19
104
229
34
139
159
244
144
223
54
173
39
243
118
74
48
179
68
214
193
123
109
138
13
249
188
88
208
83
94
33
4
234
18
256
257
258
195
90
76
181
20
230
251
160
6
145
41
111
55
40
146
216
125
131
236
26
180
215
27
96
110
75
201
132
166
202
61
95
5
235
250
186
62
237
81
82
256
257
258
196
252
21
7
77
161
91
56
182
112
231
246
57
217
245
147
42
106
126
71
211
70
162
127
1
28
197
203
36
232
22
141
120
176
2
210
253
133
140
8
256
257
258
197
253
22
42
8
28
133
78
217
162
92
57
112
183
182
203
238
113
232
247
147
63
77
58
168
218
148
246
43
107
127
7
72
212
71
252
163
128
2
91
256
257
258
198
254
23
43
9
29
134
79
218
163
93
58
113
184
183
204
239
114
233
248
148
64
78
59
169
238
219
247
149
44
108
128
8
73
213
189
72
84
253
164
256
257
258
199
24
44
219
164
94
59
114
184
234
149
249
79
239
248
109
129
9
74
214
73
254
4
169
134
93
23
198
39
144
64
123
179
29
213
143
99
38
43
204
256
257
258
200
25
60
130
80
185
165
255
5
235
10
45
150
250
115
110
220
151
95
75
135
240
30
215
180
31
201
81
101
11
40
136
26
205
170
206
65
55
186
226
256
257
258
201
95
26
61
131
81
186
215
166
110
235
6
40
145
236
165
11
46
151
251
116
111
221
152
20
45
60
180
5
96
76
130
136
241
75
160
55
31
216
250
256
257
258
202
96
27
62
132
82
187
216
167
111
236
41
146
237
166
12
47
152
117
222
153
46
61
181
6
97
131
137
242
76
32
251
186
221
33
26
201
83
103
13
256
257
258
203
28
147
63
133
217
168
112
197
8
42
238
253
98
113
148
154
22
182
7
78
77
162
57
218
252
183
204
196
84
92
14
43
246
29
21
247
232
58
189
256
257
258
204
29
148
64
134
84
189
218
169
113
238
198
9
43
239
168
14
154
254
99
119
98
114
224
149
23
63
183
8
79
133
78
163
58
219
253
49
184
28
203
256
257
258
205
100
30
65
135
85
190
225
170
10
150
240
15
155
255
51
120
176
226
50
115
156
80
140
101
35
220
1
185
175
36
206
86
106
16
45
141
31
126
200
256
257
258
206
101
31
66
136
86
191
226
220
171
115
240
11
151
45
241
170
16
156
52
121
177
227
51
116
157
65
185
10
81
135
141
102
80
165
60
36
221
2
255
256
257
258
207
102
32
67
137
87
192
227
221
172
116
241
12
152
46
242
171
17
157
53
122
178
228
52
117
158
66
186
11
82
136
142
103
81
166
61
37
222
3
187
256
257
258
208
103
33
68
138
88
193
228
222
173
117
242
13
153
47
243
172
18
158
54
123
179
229
53
118
159
67
187
12
83
137
143
104
82
167
62
38
223
4
188
256
257
258
209
104
34
69
139
89
194
229
223
174
118
243
48
244
173
19
159
124
54
68
188
13
138
144
83
39
193
179
33
208
153
123
88
214
74
103
109
97
222
47
256
257
258
210
105
35
70
140
245
175
126
0
50
1
15
155
56
231
120
161
85
225
106
176
190
211
91
100
21
51
36
205
196
65
252
156
246
141
170
71
77
30
7
256
257
258
211
106
36
71
141
91
231
246
176
127
120
1
51
2
16
156
21
161
126
57
77
182
232
56
121
162
70
190
15
252
86
140
196
226
107
85
170
177
245
65
256
257
258
212
107
37
72
142
92
232
177
247
128
121
2
52
3
17
157
22
162
127
58
78
183
233
57
122
163
71
191
16
253
87
141
227
197
108
86
171
178
246
66
256
257
258
213
108
38
73
143
93
233
178
248
129
122
3
53
4
18
158
23
163
128
59
79
184
234
58
123
164
72
192
17
254
88
142
228
198
109
87
172
247
179
67
256
257
258
214
109
39
74
144
94
234
179
249
123
4
54
19
159
24
164
129
59
124
73
193
18
89
143
229
199
88
173
248
68
44
194
184
38
213
104
158
79
93
209
256
257
258
215
110
40
26
145
95
235
201
180
131
5
251
75
55
6
20
160
165
250
130
61
81
76
186
236
60
166
25
90
151
230
111
181
125
45
200
11
195
185
46
256
257
258
216
111
41
27
146
96
236
202
181
132
6
76
166
251
131
62
82
187
237
61
167
195
20
26
145
152
90
46
201
12
186
47
40
215
97
117
160
81
95
137
256
257
258
217
112
42
28
147
197
203
182
133
7
253
77
57
8
22
162
252
63
78
246
238
196
168
21
92
232
113
91
183
127
71
148
247
218
98
107
161
2
58
43
256
257
258
218
113
43
29
148
198
238
204
183
134
8
254
78
58
9
23
163
168
253
133
64
84
79
247
189
197
239
63
169
22
28
93
154
233
114
92
184
128
98
72
256
257
258
219
114
44
149
199
239
184
9
79
59
24
164
169
254
134
248
198
64
23
29
94
234
93
129
99
73
204
189
249
43
218
109
163
4
84
214
224
213
233
148
256
257
258
220
115
45
31
101
151
240
206
185
136
10
80
60
11
226
165
170
255
135
66
86
81
191
241
65
200
171
150
30
95
156
235
116
186
130
51
205
16
25
201
256
257
258
221
116
46
32
102
152
241
207
186
137
11
81
61
12
227
166
171
136
67
87
82
192
242
66
201
172
151
31
96
157
236
117
95
187
131
52
206
17
26
202
256
257
258
222
117
47
33
103
153
242
208
187
138
12
82
62
13
228
167
172
137
68
88
83
193
243
67
202
173
152
32
97
158
237
118
96
188
132
53
207
18
27
192
256
257
258
223
118
48
34
104
243
209
188
139
13
83
229
173
138
69
89
194
244
68
174
153
33
159
97
54
208
19
193
47
222
124
167
103
88
144
179
237
39
117
123
256
257
258
224
119
99
49
189
14
84
64
169
204
154
239
149
134
98
29
148
114
168
9
219
218
238
113
198
254
63
43
44
79
184
23
133
199
8
183
203
28
59
163
256
257
258
225
100
155
85
205
50
15
190
30
65
140
35
175
120
135
170
176
51
1
210
150
105
10
240
70
126
255
156
0
226
106
36
115
231
245
211
80
101
141
16
256
257
258
226
101
156
170
86
206
240
51
16
65
191
115
220
31
66
141
190
36
176
135
121
136
10
120
205
171
177
45
85
30
52
2
211
151
255
185
106
80
11
241
256
257
258
227
102
157
171
87
207
241
52
17
66
192
116
221
32
67
142
191
37
177
136
122
137
11
121
206
172
178
46
86
31
53
3
212
152
186
107
81
12
242
101
256
257
258
228
103
158
172
88
208
242
53
18
67
193
117
222
33
68
143
192
38
178
137
123
138
12
122
207
173
179
47
87
32
54
4
213
153
187
108
82
13
243
102
256
257
258
229
104
159
173
89
209
243
54
19
68
194
118
223
34
69
144
193
39
179
138
124
139
13
123
208
174
48
88
33
214
188
109
83
244
103
74
18
153
4
228
256
257
258
230
160
90
125
55
20
195
145
40
180
251
76
75
181
6
215
110
26
131
250
5
111
41
235
236
201
216
95
146
130
61
166
25
96
165
27
186
81
60
202
256
257
258
231
106
161
91
126
1
211
56
21
70
120
245
246
36
176
71
196
252
140
77
141
15
127
210
182
51
35
57
7
156
190
2
85
16
105
162
155
232
112
42
256
257
258
232
107
162
92
127
2
212
57
22
71
121
246
247
37
177
72
42
197
182
253
141
78
142
16
128
211
77
183
52
91
36
58
8
217
157
191
112
3
86
17
256
257
258
233
108
163
93
128
3
213
58
23
72
122
247
248
38
178
73
43
198
183
254
142
79
143
17
129
212
78
184
53
92
37
59
9
218
158
192
113
4
87
18
256
257
258
234
109
164
94
129
4
214
59
24
73
123
248
249
39
179
74
44
199
184
143
144
18
213
79
54
93
38
219
159
193
114
88
19
108
23
158
254
9
233
68
256
257
258
235
110
165
95
130
5
215
60
25
250
201
75
26
40
180
200
151
45
185
81
145
131
80
186
55
61
11
220
160
251
115
6
20
31
136
166
255
10
236
116
256
257
258
236
111
166
96
131
6
216
61
26
251
202
76
27
41
181
201
152
46
186
145
82
146
20
132
215
81
187
95
40
62
12
221
195
116
90
110
32
137
167
160
256
257
258
237
167
97
132
62
27
202
153
47
187
146
83
216
82
188
96
41
13
222
117
111
33
138
12
236
118
48
181
242
152
243
208
223
166
103
137
76
6
68
46
256
257
258
238
148
113
168
133
8
218
63
28
253
204
78
29
43
183
203
197
154
98
84
22
134
198
217
189
58
42
64
14
147
163
247
254
9
92
23
112
169
162
239
256
257
258
239
149
114
169
134
9
219
64
29
254
79
44
184
204
198
99
189
23
199
218
84
59
43
148
224
164
248
119
93
24
113
163
14
238
73
183
58
129
234
154
256
257
258
240
115
170
135
10
101
220
226
65
30
255
206
80
31
45
185
205
156
150
51
190
86
151
136
100
85
191
60
66
16
176
165
200
120
11
225
36
141
171
15
256
257
258
241
116
171
136
11
102
221
227
66
31
207
81
32
46
186
206
157
151
52
191
87
152
137
101
220
86
192
61
45
67
17
177
166
201
121
12
95
226
115
37
256
257
258
242
117
172
137
12
103
222
228
67
32
208
82
33
47
187
207
158
152
53
192
88
153
138
102
221
87
193
62
46
68
18
178
167
202
122
13
96
227
116
38
256
257
258
243
118
173
138
13
104
223
229
68
33
209
83
34
48
188
208
159
153
54
193
89
139
103
222
88
194
47
69
19
179
123
97
228
117
39
144
174
167
18
242
256
257
258
244
174
139
69
34
209
194
104
223
89
48
124
229
118
19
243
188
159
173
144
83
13
54
68
138
39
74
179
193
33
153
97
214
208
123
88
109
249
47
103
256
257
258
245
70
56
126
210
161
105
231
1
140
35
21
106
196
15
91
175
0
120
252
211
155
176
50
77
246
7
36
85
71
190
225
51
182
141
127
57
156
112
65
256
257
258
246
71
91
57
127
77
182
211
21
162
106
252
232
231
2
141
36
42
7
196
161
112
22
107
217
197
16
92
176
56
1
121
126
120
253
212
156
177
51
147
256
257
258
247
72
92
58
128
78
183
212
22
163
107
253
233
232
3
142
37
43
8
197
162
113
23
108
218
198
17
93
42
177
57
2
122
133
127
238
121
254
213
157
256
257
258
248
73
93
59
129
79
184
213
23
164
108
254
234
233
4
143
38
44
9
198
163
114
24
109
219
199
18
94
43
178
58
3
123
134
128
239
122
214
158
29
256
257
258
249
74
94
214
24
109
234
144
39
199
164
19
44
179
59
4
124
129
123
159
54
219
184
73
248
89
194
114
229
143
79
18
193
149
173
88
93
213
68
38
256
257
258
250
5
75
130
180
25
110
235
55
215
200
40
60
165
160
95
145
125
26
185
201
80
20
230
45
251
131
151
255
6
81
90
10
220
150
76
61
115
186
11
256
257
258
251
6
20
145
76
131
181
40
26
90
111
160
236
195
215
216
201
55
230
41
110
180
61
166
95
96
146
75
235
125
27
186
202
81
5
46
250
132
152
165
256
257
258
252
196
7
21
77
182
91
112
161
246
57
217
56
231
42
147
71
162
106
211
127
126
28
245
197
203
70
1
22
232
36
253
133
141
2
8
176
92
120
107
256
257
258
253
197
8
22
78
133
183
42
28
92
113
162
238
217
247
58
218
203
57
232
43
112
182
148
63
168
147
72
163
107
212
128
77
127
29
246
198
204
7
71
256
257
258
254
198
9
23
79
134
184
43
29
93
114
163
239
218
248
59
219
204
58
233
44
113
183
149
64
169
148
73
164
108
213
129
78
238
128
247
199
189
84
8
256
257
258
255
10
150
80
135
185
30
115
240
200
60
220
205
45
65
170
100
25
165
101
130
151
226
31
190
206
85
225
235
51
136
5
156
250
11
86
95
110
176
15
256
257
258
