0.00000000000000000e+00 0.00000000000000000e+00
1.00000000000000002e-02 6.09999999999672582e-01
2.00000000000000004e-02 2.19999999999345164e-01
2.99999999999999989e-02 8.29999999999927240e-01
4.00000000000000008e-02 4.39999999998690328e-01
5.00000000000000028e-02 4.99999999992724042e-02
5.99999999999999978e-02 6.59999999999854481e-01
7.00000000000000067e-02 2.70000000000436557e-01
8.00000000000000017e-02 8.79999999997380655e-01
8.99999999999999967e-02 4.89999999997962732e-01
1.00000000000000006e-01 9.99999999985448085e-02
1.10000000000000001e-01 7.09999999999126885e-01
1.19999999999999996e-01 3.19999999999708962e-01
1.30000000000000004e-01 9.30000000000291038e-01
1.40000000000000013e-01 5.40000000000873115e-01
1.49999999999999994e-01 1.50000000001455192e-01
1.60000000000000003e-01 7.59999999994761311e-01
1.70000000000000012e-01 3.69999999995343387e-01
1.79999999999999993e-01 9.79999999995925464e-01
1.90000000000000002e-01 5.89999999996507540e-01
2.00000000000000011e-01 1.99999999997089617e-01
2.09999999999999992e-01 8.09999999997671694e-01
2.20000000000000001e-01 4.19999999998253770e-01
2.30000000000000010e-01 2.99999999988358468e-02
2.39999999999999991e-01 6.39999999999417923e-01
2.50000000000000000e-01 2.50000000000000000e-01
2.60000000000000009e-01 8.60000000000582077e-01
2.70000000000000018e-01 4.70000000001164153e-01
2.80000000000000027e-01 8.00000000017462298e-02
2.89999999999999980e-01 6.90000000002328306e-01
2.99999999999999989e-01 3.00000000002910383e-01
3.09999999999999998e-01 9.10000000003492460e-01
3.20000000000000007e-01 5.19999999989522621e-01
3.30000000000000016e-01 1.30000000004656613e-01
3.40000000000000024e-01 7.39999999990686774e-01
3.49999999999999978e-01 3.50000000005820766e-01
3.59999999999999987e-01 9.59999999991850927e-01
3.69999999999999996e-01 5.70000000006984919e-01
3.80000000000000004e-01 1.79999999993015081e-01
3.90000000000000013e-01 7.90000000008149073e-01
4.00000000000000022e-01 3.99999999994179234e-01
4.09999999999999976e-01 1.00000000093132257e-02
4.19999999999999984e-01 6.19999999995343387e-01
4.29999999999999993e-01 2.30000000010477379e-01
4.40000000000000002e-01 8.39999999996507540e-01
4.50000000000000011e-01 4.50000000011641532e-01
4.60000000000000020e-01 5.99999999976716936e-02
4.69999999999999973e-01 6.70000000012805685e-01
4.79999999999999982e-01 2.79999999998835847e-01
4.89999999999999991e-01 8.90000000013969839e-01
5.00000000000000000e-01 5.00000000000000000e-01
5.10000000000000009e-01 1.09999999986030161e-01
5.20000000000000018e-01 7.20000000001164153e-01
5.30000000000000027e-01 3.29999999987194315e-01
5.40000000000000036e-01 9.40000000002328306e-01
5.50000000000000044e-01 5.49999999988358468e-01
5.60000000000000053e-01 1.60000000003492460e-01
5.69999999999999951e-01 7.69999999989522621e-01
5.79999999999999960e-01 3.80000000004656613e-01
5.89999999999999969e-01 9.89999999990686774e-01
5.99999999999999978e-01 6.00000000005820766e-01
6.09999999999999987e-01 2.10000000020954758e-01
6.19999999999999996e-01 8.20000000006984919e-01
6.30000000000000004e-01 4.29999999993015081e-01
6.40000000000000013e-01 3.99999999790452421e-02
6.50000000000000022e-01 6.50000000023283064e-01
6.60000000000000031e-01 2.60000000009313226e-01
6.70000000000000040e-01 8.69999999995343387e-01
6.80000000000000049e-01 4.79999999981373549e-01
6.89999999999999947e-01 9.00000000256113708e-02
6.99999999999999956e-01 7.00000000011641532e-01
7.09999999999999964e-01 3.09999999997671694e-01
7.19999999999999973e-01 9.19999999983701855e-01
7.29999999999999982e-01 5.30000000027939677e-01
7.39999999999999991e-01 1.40000000013969839e-01
7.50000000000000000e-01 7.50000000000000000e-01
7.60000000000000009e-01 3.59999999986030161e-01
7.70000000000000018e-01 9.69999999972060323e-01
7.80000000000000027e-01 5.80000000016298145e-01
7.90000000000000036e-01 1.90000000002328306e-01
8.00000000000000044e-01 7.99999999988358468e-01
8.10000000000000053e-01 4.09999999974388629e-01
8.19999999999999951e-01 2.00000000186264515e-02
8.29999999999999960e-01 6.30000000004656613e-01
8.39999999999999969e-01 2.39999999990686774e-01
8.49999999999999978e-01 8.49999999976716936e-01
8.59999999999999987e-01 4.60000000020954758e-01
8.69999999999999996e-01 7.00000000069849193e-02
8.80000000000000004e-01 6.79999999993015081e-01
8.90000000000000013e-01 2.89999999979045242e-01
9.00000000000000022e-01 9.00000000023283064e-01
9.10000000000000031e-01 5.10000000009313226e-01
9.20000000000000040e-01 1.19999999995343387e-01
9.30000000000000049e-01 7.29999999981373549e-01
9.39999999999999947e-01 3.40000000025611371e-01
9.49999999999999956e-01 9.50000000011641532e-01
9.59999999999999964e-01 5.59999999997671694e-01
9.69999999999999973e-01 1.69999999983701855e-01
9.79999999999999982e-01 7.80000000027939677e-01
9.89999999999999991e-01 3.90000000013969839e-01
