3.57193284498175806e-02 -9.96093750000000000e-01 -8.07550047119777736e-02
4.87669979331213782e-02 -9.88281250000000000e-01 1.44644221492005814e-01
-1.72221464293052962e-01 -9.80468750000000000e-01 -9.49778790571477599e-02
2.25722101297460287e-01 -9.72656250000000000e-01 -5.46749697923701039e-02
-1.46557238354641406e-01 -9.64843750000000000e-01 2.18168544872532760e-01
-4.33657217114001639e-02 -9.57031250000000000e-01 -2.86723910240996249e-01
2.44823527896817161e-01 -9.49218750000000000e-01 1.97598595229302898e-01
-3.36614763499724634e-01 -9.41406250000000000e-01 2.10896527937744667e-02
2.48571395492427044e-01 -9.33593750000000000e-01 -2.58098762693440453e-01
-9.43806067508193118e-03 -9.25781250000000000e-01 3.77941794670992925e-01
-2.60549957926299647e-01 -9.17968750000000000e-01 -2.99077069411951113e-01
4.11646163776118290e-01 -9.10156250000000000e-01 4.65084555144839873e-02
-3.48495777296392917e-01 -9.02343750000000000e-01 2.53626595692408474e-01
8.88246795957993163e-02 -8.94531250000000000e-01 -4.38091336444971335e-01
2.38318978194951736e-01 -8.86718750000000000e-01 3.96148864734649497e-01
-4.57405919347053547e-01 -8.78906250000000000e-01 -1.35290903822889330e-01
4.41355906924660590e-01 -8.71093750000000000e-01 -2.15408082795534389e-01
-1.84921175330669985e-01 -8.63281250000000000e-01 4.69627131150619437e-01
-1.85579190598660765e-01 -8.55468750000000000e-01 -4.83460010538807050e-01
4.74770026174695603e-01 -8.47656250000000000e-01 2.36795912300057088e-01
-5.21841508371398644e-01 -8.39843750000000000e-01 1.49478813637923397e-01
2.90040408571568320e-01 -8.32031250000000000e-01 -4.72864209281137260e-01
1.07744660396008843e-01 -8.24218750000000000e-01 5.55926740051768231e-01
-4.63974502741170802e-01 -8.16406250000000000e-01 -3.43814624131988877e-01
5.85194438907591263e-01 -8.08593750000000000e-01 -6.10214399417691455e-02
-3.97309204607479427e-01 -8.00781250000000000e-01 4.48212879759840810e-01
-9.96862224173982250e-03 -7.92968750000000000e-01 -6.09180751578740409e-01
4.25745224392878374e-01 -7.85156250000000000e-01 4.49745113361551818e-01
-6.27483326321201962e-01 -7.77343750000000000e-01 -4.47366686826091153e-02
5.00375415398317314e-01 -7.69531250000000000e-01 -3.96794781894115933e-01
-1.02399860432260473e-01 -7.61718750000000000e-01 6.39764655542873095e-01
-3.61643338787943858e-01 -7.53906250000000000e-01 -5.48488342374973237e-01
6.45754747421756203e-01 -7.46093750000000000e-01 1.62311189981471315e-01
-5.93411088781016005e-01 -7.38281250000000000e-01 3.20630746514065146e-01
2.23749357482692424e-01 -7.30468750000000000e-01 -6.45253152103513417e-01
2.74153172483459051e-01 -7.22656250000000000e-01 6.34513973331708669e-01
-6.38130347016963140e-01 -7.14843750000000000e-01 -2.85986141800521010e-01
6.71214710417322502e-01 -7.07031250000000000e-01 -2.22660333339432776e-01
-3.48291674428456544e-01 -6.99218750000000000e-01 6.24328478584998958e-01
-1.66651890715839190e-01 -6.91406250000000000e-01 -7.02982606315244118e-01
6.03861457154517223e-01 -6.83593750000000000e-01 4.09940148709736218e-01
-7.29342540991772648e-01 -6.75781250000000000e-01 1.06673145862029611e-01
4.70215792234247254e-01 -6.67968750000000000e-01 -5.76814404949249515e-01
4.33101432367445430e-02 -6.60156250000000000e-01 7.49878628231762656e-01
-5.43342461549489397e-01 -6.52343750000000000e-01 -5.28418963809285547e-01
7.64237470013451992e-01 -6.44531250000000000e-01 2.28157226682736691e-02
-5.83872259348449885e-01 -6.36718750000000000e-01 5.03668956916915711e-01
9.10535126159062735e-02 -6.28906250000000000e-01 -7.72130938734643890e-01
4.58082967813698727e-01 -6.21093750000000000e-01 6.35926527446316947e-01
-7.73338435059427343e-01 -6.13281250000000000e-01 -1.60728881220126102e-01
6.83966707772458826e-01 -6.05468750000000000e-01 -4.06936279326802541e-01
-2.31150473687451341e-01 -5.97656250000000000e-01 7.67708581005842605e-01
-3.50639778927018253e-01 -5.89843750000000000e-01 -7.27417415257532340e-01
7.55160318194574187e-01 -5.82031250000000000e-01 3.01616507916438181e-01
-7.65748201322634214e-01 -5.74218750000000000e-01 2.89659315955119956e-01
3.71421470894537087e-01 -5.66406250000000000e-01 -7.35683390406142057e-01
2.24511064556272399e-01 -5.58593750000000000e-01 7.98478430737328604e-01
-7.09338198050728064e-01 -5.50781250000000000e-01 -4.39862859803579531e-01
8.25181719476708930e-01 -5.42968750000000000e-01 -1.55756432820283897e-01
-5.06247899722244488e-01 -5.35156250000000000e-01 6.76255020027765830e-01
-8.39965651834320426e-02 -5.27343750000000000e-01 -8.45489885435256494e-01
6.36632605853566735e-01 -5.19531250000000000e-01 5.69900171466489858e-01
-8.59096370201738679e-01 -5.11718750000000000e-01 9.86648897200481309e-03
6.30166085045836932e-01 -5.03906250000000000e-01 -5.90736147928108912e-01
-6.59710407160802870e-02 -4.96093750000000000e-01 8.65759096399093431e-01
-5.38894650423844213e-01 -4.88281250000000000e-01 -6.86421136506591201e-01
8.65302731394565816e-01 -4.80468750000000000e-01 1.42831940806464136e-01
-7.38075888617149345e-01 -4.72656250000000000e-01 4.81497717521010504e-01
2.20017385499863577e-01 -4.64843750000000000e-01 -8.57620334509240689e-01
4.18991789575228091e-01 -4.57031250000000000e-01 7.84581618948586690e-01
-8.42674371199906957e-01 -4.49218750000000000e-01 -2.96820516088896702e-01
8.25435582414647206e-01 -4.41406250000000000e-01 -3.51875861270320500e-01
-3.72533213355602966e-01 -4.33593750000000000e-01 8.20497084033749768e-01
-2.80696720859878179e-01 -4.25781250000000000e-01 -8.60185839250419804e-01
7.91190216600452967e-01 -4.17968750000000000e-01 4.46452870053677453e-01
-8.88435603708319421e-01 -4.10156250000000000e-01 2.06043754211020530e-01
5.17889101051145939e-01 -4.02343750000000000e-01 -7.54924092772494282e-01
1.28543361507944903e-01 -3.94531250000000000e-01 9.09847073406116591e-01
-7.11936059893366724e-01 -3.86718750000000000e-01 -5.86170329359944731e-01
9.24144704241023018e-01 -3.78906250000000000e-01 -4.88530381267090891e-02
-6.50650187499695054e-01 -3.71093750000000000e-01 6.62528310502690232e-01
3.23448256664455938e-02 -3.63281250000000000e-01 -9.31117901047469165e-01
6.07065103052545907e-01 -3.55468750000000000e-01 7.10713675420164614e-01
-9.30623099681351484e-01 -3.47656250000000000e-01 -1.14349368933155407e-01
7.65783018522010250e-01 -3.39843750000000000e-01 -5.45969407686232810e-01
-1.96447848879451242e-01 -3.32031250000000000e-01 9.22585221913983289e-01
-4.79719008494753241e-01 -3.24218750000000000e-01 -8.15323172145406505e-01
9.06998490366023757e-01 -3.16406250000000000e-01 2.77922333457912896e-01
-8.58846922213627351e-01 -3.08593750000000000e-01 4.08842098694736811e-01
3.58056436019606572e-01 -3.00781250000000000e-01 -8.83926596654594943e-01
3.33912409843090729e-01 -2.92968750000000000e-01 8.95919535492009089e-01
-8.53502221913713499e-01 -2.85156250000000000e-01 -4.36142029933245023e-01
9.26162917116480244e-01 -2.77343750000000000e-01 -2.55543920479884223e-01
-5.11485881318482494e-01 -2.69531250000000000e-01 8.15925914826396981e-01
-1.74385193436251307e-01 -2.61718750000000000e-01 -9.49259237620913909e-01
7.71464338223568968e-01 -2.53906250000000000e-01 5.83416138841057696e-01
-9.64953996606589315e-01 -2.46093750000000000e-01 9.11133944264404527e-02
6.51288620879914681e-01 -2.38281250000000000e-01 -7.20447901107898359e-01
6.42804743328340318e-03 -2.30468750000000000e-01 9.73058495404892310e-01
-6.63267798597803382e-01 -2.22656250000000000e-01 -7.14492842286863827e-01
9.73451696537863564e-01 -2.14843750000000000e-01 7.89554152258904185e-02
-7.72457725395766515e-01 -2.07031250000000000e-01 6.00372487710618019e-01
1.64312248429397678e-01 -1.99218750000000000e-01 -9.66081453431600345e-01
5.32263632060148706e-01 -1.91406250000000000e-01 8.24656942884176569e-01
-9.50965099631563504e-01 -1.83593750000000000e-01 -2.48915074360047645e-01
8.70613843507276775e-01 -1.75781250000000000e-01 -4.59491553395625030e-01
-3.32040585448099168e-01 -1.67968750000000000e-01 9.28189392655788259e-01
-3.82650232404482205e-01 -1.60156250000000000e-01 -9.09905915590580761e-01
-2.17474450643809297e-01 -1.52343750000000000e-01 9.64103855999503323e-01
-4.91466348213716153e-01 -1.44531250000000000e-01 -8.58819856749313715e-01
9.43573446303525687e-01 -1.36718750000000000e-01 3.01624161547653591e-01
-9.00456488064125926e-01 -1.28906250000000000e-01 4.15404973266038480e-01
3.83747081445383331e-01 -1.21093750000000000e-01 -9.15464079684772725e-01
3.35735460885386305e-01 -1.13281250000000000e-01 9.35119809811830849e-01
-8.79985963995504772e-01 -1.05468750000000000e-01 -4.63142576259557237e-01
9.62493938106639191e-01 -9.76562500000000000e-02 -2.53117909172603739e-01
-5.39132617258535340e-01 -8.98437500000000000e-02 8.37415142921298594e-01
-1.68239945943791325e-01 -8.20312500000000000e-02 -9.82326928579415393e-01
7.88091031640259176e-01 -7.42187500000000000e-02 6.11068001941379335e-01
-9.94433133709326067e-01 -6.64062500000000000e-02 8.18104671908622960e-02
6.78334308020381194e-01 -5.85937500000000000e-02 -7.32413366223915951e-01
-5.44682104486174986e-03 -5.07812500000000000e-02 9.98694946812560325e-01
-6.70838595194135245e-01 -4.29687500000000000e-02 -7.40357525605971345e-01
9.95063916801959047e-01 -3.51562500000000000e-02 9.27999976545338390e-02
-7.96609315671224283e-01 -2.73437500000000000e-02 6.03875746757361553e-01
1.79515597332319199e-01 -1.95312500000000000e-02 -9.83561223609317747e-01
5.32081810037248970e-01 -1.17187500000000000e-02 8.46611846317970262e-01
-9.64277510030496443e-01 -3.90625000000000000e-03 -2.64865295688814784e-01
8.89942162251843638e-01 3.90625000000000000e-03 -4.56056673076330132e-01
-3.48132546843755775e-01 1.17187500000000000e-02 9.37372071659123951e-01
-3.76437664436034325e-01 1.95312500000000000e-02 -9.26236047164750054e-01
9.03071412464102830e-01 2.73437500000000000e-02 4.28619112180065653e-01
-9.55191343380515479e-01 3.51562500000000000e-02 2.93893748856391246e-01
5.05651419944685543e-01 4.29687500000000000e-02 -8.61667179386194748e-01
2.09119430608177725e-01 5.07812500000000000e-02 9.76570698101550172e-01
-8.13513495026825018e-01 5.85937500000000000e-02 -5.78586696935020850e-01
9.90203710855251384e-01 6.64062500000000000e-02 -1.22828420853755546e-01
-6.46818815598302788e-01 7.42187500000000000e-02 7.59023713026441782e-01
-3.57471275028675636e-02 8.20312500000000000e-02 -9.95988462231732541e-01
6.98666626030482685e-01 8.98437500000000000e-02 7.09783802475880132e-01
-9.93892409679112299e-01 9.76562500000000000e-02 -5.13919723126588235e-02
7.66964957022731819e-01 1.05468750000000000e-01 -6.32962161169652093e-01
-1.37857015931269311e-01 1.13281250000000000e-01 9.83952641927935079e-01
-5.62476602693230965e-01 1.21093750000000000e-01 -8.17897533394996046e-01
9.66275489499815565e-01 1.28906250000000000e-01 2.22923433274363231e-01
-8.62172941794745573e-01 1.36718750000000000e-01 4.87817385745354271e-01
3.05880557663126662e-01 1.44531250000000000e-01 -9.41035494663794325e-01
4.09627509226523634e-01 1.52343750000000000e-01 8.99442430353834199e-01
-9.08473750083708786e-01 1.60156250000000000e-01 -3.86038108215731035e-01
9.29420213289122055e-01 1.67968750000000000e-01 -3.28579619199122486e-01
-4.62732483851547194e-01 1.75781250000000000e-01 8.68895621197975143e-01
-2.45369817344046781e-01 1.83593750000000000e-01 -9.51886016126661350e-01
8.22667873036653008e-01 1.91406250000000000e-01 5.35332810627451527e-01
-9.66687014126310196e-01 1.99218750000000000e-01 1.60711251528934174e-01
6.03246686361735396e-01 2.07031250000000000e-01 -7.70215227658492596e-01
7.53275475817200141e-02 2.14843750000000000e-01 9.73739145593552347e-01
-7.12016383632834593e-01 2.22656250000000000e-01 -6.65925569245060522e-01
9.73027787491201446e-01 2.30468750000000000e-01 1.00538571411569657e-02
-7.22869760370941417e-01 2.38281250000000000e-01 6.48599533949643869e-01
9.47084168604338528e-02 2.46093750000000000e-01 -9.64607786609007145e-01
5.80537423370968808e-01 2.53906250000000000e-01 7.73632933810818324e-01
-9.48602845460691735e-01 2.61718750000000000e-01 -1.77921155241068829e-01
8.17826171979197047e-01 2.69531250000000000e-01 -5.08441990495759888e-01
-2.58993256293919782e-01 2.77343750000000000e-01 9.25204268002590591e-01
-4.32958643657640863e-01 2.85156250000000000e-01 -8.55121468545886332e-01
8.94669076151896725e-01 2.92968750000000000e-01 3.37248507336873615e-01
-8.85254666013916558e-01 3.00781250000000000e-01 3.54760223177608580e-01
4.12039534351880343e-01 3.08593750000000000e-01 -8.57317513872207781e-01
2.74540705416773279e-01 3.16406250000000000e-01 9.08027800251841377e-01
-8.13529961237134502e-01 3.24218750000000000e-01 -4.82753771935490850e-01
9.23310829700085156e-01 3.32031250000000000e-01 -1.93008706492680593e-01
-5.48819112436448431e-01 3.39843750000000000e-01 7.63743286327550286e-01
-1.10880845411336512e-01 3.47656250000000000e-01 -9.31042732615858348e-01
7.08446668015031866e-01 3.55468750000000000e-01 6.09709181784099830e-01
-9.31231961529079943e-01 3.63281250000000000e-01 2.88750277080317523e-02
6.64948192911906211e-01 3.71093750000000000e-01 -6.48176927585460860e-01
-5.22962885313895398e-02 3.78906250000000000e-01 9.23956250001470192e-01
-5.83513411717331287e-01 3.86718750000000000e-01 -7.14115331542768184e-01
9.09361772759992970e-01 3.94531250000000000e-01 1.31932782189418035e-01
-7.56848633394289538e-01 4.02343750000000000e-01 5.15072473507499518e-01
2.09352852466468370e-01 4.10156250000000000e-01 -8.87661666261470694e-01
4.43501601992388139e-01 4.17968750000000000e-01 7.92848316548394272e-01
-8.59133922684578555e-01 4.25781250000000000e-01 -2.83900035295957920e-01
8.21879537769748203e-01 4.33593750000000000e-01 -3.69473253912001864e-01
-3.54949193576888256e-01 4.41406250000000000e-01 8.24118676186903487e-01
-2.93678444273808237e-01 4.49218750000000000e-01 -8.43774546912475443e-01
7.83014905957484908e-01 4.57031250000000000e-01 4.21912424054836865e-01
-8.58434219179963542e-01 4.64843750000000000e-01 2.16820154567844009e-01
4.84244626310536774e-01 4.72656250000000000e-01 -7.36276586090652496e-01
1.39606619239625140e-01 4.80468750000000000e-01 8.65828950854566792e-01
-6.84408317558777290e-01 4.88281250000000000e-01 -5.41448682475820009e-01
8.65998910147615542e-01 4.96093750000000000e-01 -6.27445522263055666e-02
-5.93080199968641697e-01 5.03906250000000000e-01 6.27960482527438635e-01
1.30676240115802627e-02 5.11718750000000000e-01 -8.59053640991719214e-01
5.67523965896707505e-01 5.19531250000000000e-01 6.38751773701107028e-01
-8.45171023863512172e-01 5.27343750000000000e-01 -8.71464844812455536e-02
6.78136728839590086e-01 5.35156250000000000e-01 -5.03724493234821491e-01
-1.58830180725544695e-01 5.42968750000000000e-01 8.24595604047298036e-01
-4.37216638166536775e-01 5.50781250000000000e-01 -7.10972310261650753e-01
7.97636304093409132e-01 5.58593750000000000e-01 2.27484832138637516e-01
-7.37062290334316472e-01 5.66406250000000000e-01 3.68677555769359566e-01
2.92510670394284855e-01 5.74218750000000000e-01 -7.64663543562738135e-01
2.98800501606053648e-01 5.82031250000000000e-01 7.56278972511736702e-01
-7.26105795464084158e-01 5.89843750000000000e-01 -3.53347880111664292e-01
7.68564574500645414e-01 5.97656250000000000e-01 -2.28288198684424959e-01
-4.09482081693729350e-01 6.05468750000000000e-01 6.82445615082408863e-01
-1.57846116901830230e-01 6.13281250000000000e-01 -7.73931981363641053e-01
6.34215183182757825e-01 6.21093750000000000e-01 4.60449405615208140e-01
-7.72464865929326616e-01 6.28906250000000000e-01 8.81757314442294937e-02
5.05841111283612088e-01 6.36718750000000000e-01 -5.81991411907253120e-01
1.99678282339458071e-02 6.44531250000000000e-01 7.64317181286053082e-01
-5.26390668153696395e-01 6.52343750000000000e-01 -5.45307707919705287e-01
7.49712038014337168e-01 6.60156250000000000e-01 4.61040740317664732e-02
-5.78562539665378406e-01 6.67968750000000000e-01 4.68063175991644265e-01
1.09390114268992658e-01 6.75781250000000000e-01 -7.28939987275121437e-01
4.07687166986753668e-01 6.83593750000000000e-01 6.05384802283020940e-01
-7.02356740104816413e-01 6.91406250000000000e-01 -1.69270219147589135e-01
6.25621964303859190e-01 6.99218750000000000e-01 -3.45962855562585214e-01
-2.25159897971336093e-01 7.07031250000000000e-01 6.70380363576510874e-01
-2.83606326346278415e-01 7.14843750000000000e-01 -6.39191571238471257e-01
6.33488006351440092e-01 7.22656250000000000e-01 2.76515623690263335e-01
-6.46082417369944761e-01 7.30468750000000000e-01 2.21343432789062072e-01
3.22839715634226476e-01 7.38281250000000000e-01 -5.92212220329544903e-01
1.59903822753741459e-01 7.46093750000000000e-01 6.46355075542597968e-01
-5.47136962832414753e-01 7.53906250000000000e-01 -3.63684630020926658e-01
6.40141780958761619e-01 7.61718750000000000e-01 -1.00015229687195284e-01
-3.98656548536428512e-01 7.69531250000000000e-01 4.98893386990106158e-01
-4.23982015041765234e-02 7.77343750000000000e-01 -6.27645669821077279e-01
4.48155560011890608e-01 7.85156250000000000e-01 4.27418129138629588e-01
-6.09139376828052637e-01 7.92968750000000000e-01 -1.22385097527922052e-02
4.49690239482650023e-01 8.00781250000000000e-01 -3.95636295304758745e-01
-6.32015941427162137e-02 8.08593750000000000e-01 5.84962995375568062e-01
-3.42083354545555163e-01 8.16406250000000000e-01 -4.65252419127292094e-01
5.55521397544312956e-01 8.24218750000000000e-01 1.09815431606177114e-01
-4.73941688049869025e-01 8.32031250000000000e-01 2.88276387086903174e-01
1.51422285186313177e-01 8.39843750000000000e-01 -5.21280890820766896e-01
2.35025158923338445e-01 8.47656250000000000e-01 4.75649089675358239e-01
-4.82765140602309295e-01 8.55468750000000000e-01 -1.87379392657437027e-01
4.70312932377442927e-01 8.63281250000000000e-01 -1.83169945779782017e-01
-2.17051187563214093e-01 8.71093750000000000e-01 4.40550179535017294e-01
-1.33585558058058412e-01 8.78906250000000000e-01 -4.57906870869235427e-01
3.95258079584776933e-01 8.86718750000000000e-01 2.39793471390260360e-01
-4.38419277523361073e-01 8.94531250000000000e-01 8.71916272891588434e-02
2.54923415537083364e-01 9.02343750000000000e-01 -3.47548283044018302e-01
4.49742381790900758e-02 9.10156250000000000e-01 4.11816607831869741e-01
-2.98104120103943049e-01 9.17968750000000000e-01 -2.61662583493497192e-01
3.77974339345777843e-01 9.25781250000000000e-01 -8.02969143618138467e-03
-2.59023208764058488e-01 9.33593750000000000e-01 2.47607930572727120e-01
2.23438154523192510e-02 9.41406250000000000e-01 -3.36533841347300799e-01
1.96684950964019695e-01 9.49218750000000000e-01 2.45558128989285696e-01
-2.86560328364573014e-01 9.57031250000000000e-01 -4.44338241773716211e-02
2.18713138416697012e-01 9.64843750000000000e-01 -1.45743271439391836e-01
-5.55156860597755264e-02 9.72656250000000000e-01 2.25516801895667973e-01
-9.43354803086979693e-02 9.80468750000000000e-01 -1.72574179494977636e-01
1.44461499521848363e-01 9.88281250000000000e-01 4.93056391737953792e-02
-8.08875430407355045e-02 9.96093750000000000e-01 3.54181675382939515e-02
