2.44883438607285964e+00
-3.12882872698048198e+00
-3.67562388571309739e-01
-5.83630381764134731e-01
5.01798363673983339e-01
-1.95025283151573164e-01
8.49817822493008301e-01
3.46462831431863127e-01
1.36732627713161636e-01
-4.99926881301481996e-01
-4.46884351827148574e-03
3.68632520007367848e-01
1.85591599671180406e-02
-4.91037942296448093e-02
-1.63977157581953581e-01
3.21685745739489493e-01
6.74425632866841429e-01
-7.02597498151785516e-01
-8.80101288652615721e-01
1.28900454074374657e+01
-9.63586539815672616e+00
-3.12882872698047887e+00
-5.87573689272664179e+00
9.06552383329324307e-01
3.63021347925944005e+00
4.11421624959880772e-01
-3.04497648838639334e-01
1.02002727511850647e-01
-2.90666137058059548e-01
9.87514889214344826e-01
-9.63532228893302506e-02
6.59055865503436200e-01
-1.99356608928943843e-02
-2.42988207973020065e-01
8.06551830004790561e-03
4.73164875692655071e-02
-2.72041871601666652e-01
5.17227832887801831e-01
1.34436278975831449e+01
-1.03393747357740917e+01
-5.87573689272664712e+00
-4.71712957722998372e+00
1.15091456232400069e+00
2.32111272730528562e+00
2.84935177050855515e+00
9.11007446943238208e-01
1.59136078087192157e-01
-6.00379677958939095e-01
5.01798363673984671e-01
-3.83268794303935068e-02
-8.48086045621731718e-03
-5.22062588324646928e-02
2.93924131467028449e-01
7.61904516307513116e-04
4.37640145143768589e-01
-2.76776441783118110e-01
-3.22508252960037267e-01
7.83298879501117185e+00
-9.43035069094833034e+00
-4.71712957722999171e+00
2.95906487059625212e+00
2.82885965091923541e+00
2.02795224346086073e-01
-4.90459405889690336e-01
1.02002727511858987e-01
4.59649618257614578e-01
-5.97390558042593320e-02
-1.12653071548281733e-01
2.27468610017449446e-02
1.05997277870768389e-01
-1.98580960497364123e-01
1.85591599671179816e-02
4.76248576436067772e-01
-2.48492798832502804e-01
-7.47067184589427447e-01
1.13333732699987189e+00
2.17866133062259735e+01
-9.63586539815671728e+00
-1.40718761420913818e+01
-4.17832450998649207e+00
-3.67562388571313126e-01
-4.07078786143857507e-01
2.32111272730528162e+00
3.54227359405138031e+00
1.01310180286602547e+00
-4.14179197655497044e-01
-9.78695271935964700e-02
-6.00563930745306035e-02
3.74146967674173658e-01
4.59649618257626957e-01
1.36444817275634765e-02
-2.77730155234637566e-01
-2.61637087198067886e-01
6.04663194768256473e-01
2.11494366478069629e-01
2.28766820160878481e+01
-1.03393747357740882e+01
-1.35610353087001805e+01
-4.17832450998649030e+00
-4.11175603563863135e+00
9.06552383329323308e-01
-3.65449420748562792e-01
2.95906487059624146e+00
8.86033403757743865e-01
3.46552065189380443e+00
9.76720028637566573e-01
3.74616196884540398e-01
-5.00471624561411477e-01
-4.33103107310012312e-03
8.49817822493000086e-01
-2.34264707197604255e-01
1.07323141189979575e-03
3.09208207380719358e-01
-3.38463450366289054e-01
2.12810398896183841e+01
-9.43035069094832323e+00
-1.41230460835305003e+01
-4.11175603563862957e+00
1.15091456232400335e+00
1.11015973012099289e+00
3.51330014813249392e+00
4.42046205904729039e-01
-5.54264752384079462e-01
-9.78695271935978578e-02
9.87514889214346492e-01
3.95822696412391345e-02
3.08096719946867638e-02
-3.74208351461806435e-02
-1.96190598591293203e-01
-4.46884351827021159e-03
6.74473615359605649e-02
5.37615481000106810e-01
-3.25911075314607057e-01
2.32238468830405331e+01
-1.40718761420913907e+01
-1.40766553419054485e+01
-3.05431160092111265e+00
-3.80996424024890867e-01
3.63021347925943516e+00
8.86033403757744420e-01
2.94837930623965505e+00
-5.83630381764131290e-01
8.33213319307894662e-01
1.59136078087188826e-01
3.89620447655200541e-01
4.05857296321476158e-01
3.95822696412478844e-02
-2.35759521055113080e-01
-1.12653071548289047e-01
-6.30584775376696102e-03
1.32572647065175131e-01
5.01114711610957386e-02
2.41783660658878397e+01
-1.35610353087001716e+01
-1.36619231094598543e+01
-3.05431160092110954e+00
-2.97868639896949272e+00
-4.07078786143856564e-01
-3.78275402800566707e-01
2.84935177050855160e+00
1.11015973012098224e+00
1.08319966944950630e+00
2.83051137219123605e+00
4.11421624959877774e-01
8.99602867805122774e-01
2.02795224346090736e-01
1.29439450293969721e-01
3.46462831431874840e-01
6.70721505218350028e-02
-9.94039939781278803e-02
-1.24517356562615172e-01
2.30857349544291566e+01
-1.41230460835305038e+01
-1.41561891841386540e+01
-2.97868639896949849e+00
-3.65449420748568288e-01
2.82885965091922875e+00
1.08582862557365378e+00
2.87806972239992032e+00
9.11007446943232102e-01
2.71337832813235869e-01
3.89620447655200597e-01
3.74146967674177655e-01
4.24278391760693971e-02
-9.63532228893347192e-02
-9.82053830776628139e-02
-4.91037942296515331e-02
-5.36138712098076509e-02
4.89657418012482484e-02
1.77290662210495303e-01
2.12965635570097618e+01
-1.40766553419054556e+01
-9.39050262277450010e+00
-4.12109460777650938e+00
1.12247237626828267e+00
3.54227359405137898e+00
1.08319966944951163e+00
3.74616196884537234e-01
-3.04497648838630508e-01
-1.95025283151575135e-01
-8.54811382675779718e-02
9.56186065974467758e-01
4.24278391760668366e-02
-8.48086045620670068e-03
-3.74208351461849456e-02
-1.98580960497366871e-01
2.23782983859687062e-01
-4.80378423610126448e-01
3.97608466922344583e-01
2.25894047204298118e+01
-1.36619231094598543e+01
-1.04929306894822805e+01
-4.12109460777650671e+00
-4.05992530639238325e+00
-3.80996424024892921e-01
2.01030989686355710e+00
3.46552065189379821e+00
1.08582862557364779e+00
2.92471047671243678e+00
1.01310180286603191e+00
4.42046205904743972e-01
-6.00379677958942537e-01
-2.90666137058056773e-01
-5.97390558042595540e-02
1.36732627713147037e-01
3.24672680357033727e-01
-5.92260373773621729e-01
-1.60988375063774135e-02
2.17424234655821920e+01
-1.41561891841386540e+01
-1.01270333110956443e+01
-4.05992530639238502e+00
-3.78275402800569371e-01
3.51330014813249658e+00
2.37174697722242733e+00
9.76720028637572457e-01
-4.90459405889689226e-01
-3.83268794303847291e-02
-8.54811382675818715e-02
4.05857296321478211e-01
4.95911048866015225e-01
1.36444817275580554e-02
-1.99356608928914422e-02
-1.63977157581938565e-01
3.73031088427890622e-01
-4.52158657336096781e-01
-2.04611785255279892e-02
7.93490766941466852e+00
-9.39050262277449832e+00
-4.79618852187618749e+00
2.94837930623965905e+00
2.92471047671243900e+00
1.29439450293966501e-01
-4.14179197655502540e-01
6.00436144916698389e-02
4.95911048866013671e-01
-2.34264707197600397e-01
6.59055865503441418e-01
-9.82053830776667969e-02
-4.99926881301483605e-01
7.61904516296417499e-04
-1.96190598591282322e-01
4.76248576436066662e-01
6.97767889959632643e-03
8.85176874090694454e-01
-9.60335692315400835e-01
1.33962944953579388e+01
-1.04929306894822929e+01
-4.79618852187618838e+00
-5.18617414723393466e+00
1.12247237626827934e+00
2.83051137219124138e+00
2.37174697722243311e+00
8.33213319307893774e-01
2.71337832813238478e-01
-5.00471624561412920e-01
-6.00563930745330252e-02
3.08096719946759079e-02
-5.22062588324622365e-02
-2.42988207973021814e-01
1.05997277870769305e-01
3.68632520007375952e-01
1.25996463211510784e-01
2.70402551848404685e-02
9.67887308534225513e-03
8.93465849403345658e+00
-1.01270333110956443e+01
-5.18617414723391956e+00
2.01030989686354822e+00
2.87806972239992565e+00
8.99602867805130102e-01
-5.54264752384083792e-01
-4.33103107310407482e-03
6.00436144916612347e-02
9.56186065974479416e-01
-2.35759521055116439e-01
2.27468610017472900e-02
2.93924131467022842e-01
-2.77730155234634679e-01
8.06551830005057535e-03
3.21685745739480666e-01
-7.79386298811143519e-01
1.07744204353292949e+00
4.91648132458448572e-01
