0
1
4
7
2
10
5
8
11
13
6
14
3
9
12
15
16
17
18
1
4
0
2
5
7
8
10
3
11
6
9
13
12
14
15
16
17
18
2
5
1
3
6
4
8
9
7
11
0
12
10
14
15
13
16
17
18
3
6
2
5
9
8
12
1
4
11
7
15
14
10
0
13
16
17
18
4
1
7
5
0
8
2
10
11
13
6
14
9
3
12
15
16
17
18
5
2
8
4
6
1
9
3
7
11
12
10
14
15
0
13
16
17
18
6
3
9
5
2
8
12
11
15
4
1
7
14
10
13
0
16
17
18
7
4
10
8
11
1
5
13
0
14
2
9
12
6
15
3
16
17
18
8
5
11
7
9
4
12
2
6
10
14
1
15
3
13
0
16
17
18
9
6
12
8
5
3
11
15
2
14
7
4
10
1
13
0
16
17
18
10
7
13
11
14
4
8
5
1
0
12
15
9
2
6
3
16
17
18
11
8
14
10
12
7
15
5
9
13
4
6
2
1
3
0
16
17
18
12
9
15
11
8
6
14
5
3
2
10
7
13
4
1
0
16
17
18
13
10
14
7
11
8
4
15
12
5
1
9
0
2
6
3
16
17
18
14
11
13
15
10
8
12
7
9
5
4
6
2
1
3
0
16
17
18
15
12
14
11
9
8
6
5
13
10
7
3
2
4
1
0
16
17
18
