0
21
25
47
8
10
48
49
11
22
26
27
28
51
52
1
3
29
35
50
12
15
23
30
36
39
53
59
55
60
4
32
41
9
17
54
61
13
18
65
66
67
1
22
23
29
27
53
8
9
12
49
52
54
55
11
13
21
24
30
31
32
47
50
48
51
57
58
0
2
4
25
33
36
37
28
56
10
14
15
16
65
66
67
2
24
33
31
9
14
54
57
13
23
34
53
56
55
58
1
5
29
38
32
12
16
22
30
37
27
52
4
50
8
49
11
36
43
51
21
41
47
19
65
66
67
3
26
35
39
28
59
10
15
17
48
51
60
61
11
18
25
36
40
41
42
47
50
49
52
63
64
0
4
6
21
30
43
45
27
62
8
12
19
20
65
66
67
4
30
36
37
43
32
41
50
12
15
16
19
51
52
55
58
60
63
11
13
18
29
35
38
44
27
28
53
56
59
62
48
49
54
57
61
64
5
7
65
66
67
5
34
38
56
14
16
57
58
13
33
37
31
32
54
55
2
4
24
30
43
53
9
12
19
23
29
36
44
41
50
52
63
1
7
27
62
15
51
60
65
66
67
6
40
45
42
17
20
61
64
18
39
46
59
62
60
63
3
7
35
44
41
15
19
26
36
43
28
51
4
50
10
48
11
30
37
52
25
32
47
16
65
66
67
7
44
46
62
19
20
63
64
18
43
45
41
42
60
61
4
6
36
37
40
59
15
16
17
30
35
38
39
32
50
51
58
3
5
28
56
12
52
55
65
66
67
8
21
22
49
27
47
0
1
11
25
29
48
52
10
12
23
51
28
50
53
26
30
55
9
15
35
36
54
32
3
4
13
24
37
58
60
31
41
59
65
66
67
9
23
24
54
31
53
1
2
13
29
33
55
57
12
14
22
58
27
32
56
30
34
52
8
16
37
38
49
50
4
5
11
21
36
51
47
43
48
15
65
66
67
10
25
26
48
28
47
0
3
11
21
35
49
51
8
15
39
52
27
50
59
22
36
60
12
17
29
30
61
41
1
4
18
40
43
55
63
32
42
53
65
66
67
11
48
49
51
52
27
28
47
50
8
10
12
15
21
22
25
26
29
30
35
36
0
1
3
4
55
60
32
41
53
59
23
37
39
43
13
18
61
63
65
66
67
12
29
30
52
55
27
32
50
53
1
4
11
13
22
23
36
37
49
51
54
58
8
9
15
16
43
48
57
28
31
41
47
56
21
24
35
38
60
19
65
66
67
13
54
55
57
58
31
32
53
56
9
12
14
16
23
24
29
30
33
34
37
38
1
2
4
5
52
27
50
22
36
43
11
49
51
41
8
15
19
63
65
66
67
14
33
34
57
31
56
2
5
13
24
38
54
58
9
16
55
32
53
23
37
12
29
30
1
4
43
52
27
50
22
36
19
41
11
49
51
8
15
63
65
66
67
15
35
36
51
60
28
41
50
59
3
4
11
18
26
30
39
43
48
52
61
63
10
12
17
19
37
49
64
27
32
42
47
62
25
29
40
44
55
20
65
66
67
16
37
38
58
32
56
4
5
13
30
34
43
55
57
12
14
19
36
54
31
41
50
53
29
33
44
52
63
9
15
23
24
51
60
27
62
2
7
18
65
66
67
17
39
40
61
42
59
3
6
18
35
45
60
64
15
20
26
63
28
41
62
36
46
51
10
19
43
44
48
50
4
7
11
25
30
52
47
37
49
12
65
66
67
18
60
61
63
64
41
42
59
62
15
17
19
20
35
36
39
40
43
44
45
46
3
4
6
7
51
28
50
26
30
37
11
48
52
32
10
12
16
58
65
66
67
19
43
44
63
41
62
4
7
18
36
37
46
60
64
15
16
20
30
61
32
42
50
59
35
38
45
51
58
12
17
39
40
52
55
28
56
5
6
13
65
66
67
20
45
46
64
42
62
6
7
18
40
44
61
63
17
19
60
41
59
39
43
15
35
36
3
4
37
51
28
50
26
30
16
32
11
48
52
10
12
58
65
66
67
21
0
8
47
25
49
22
48
10
11
27
52
1
28
26
29
51
12
50
23
35
3
15
53
30
36
55
4
9
32
59
39
54
60
13
41
37
43
58
65
66
67
22
1
8
27
29
49
21
23
52
11
12
47
53
48
55
0
9
50
25
30
51
54
10
13
28
32
24
36
4
15
31
26
58
35
37
57
3
41
56
65
66
67
23
1
9
53
29
54
22
24
55
12
13
27
31
52
57
2
8
32
30
33
49
58
11
14
50
56
21
37
4
16
47
34
51
36
38
48
5
15
28
65
66
67
24
2
9
31
33
54
23
57
13
14
53
55
1
56
29
34
58
12
32
22
38
5
16
27
30
37
52
4
8
50
49
11
36
43
51
21
47
48
41
65
66
67
25
0
10
47
21
48
26
49
8
11
28
51
3
27
22
35
52
15
50
29
39
1
12
59
36
30
60
4
17
41
53
23
55
61
18
32
43
37
63
65
66
67
26
3
10
28
35
48
25
39
51
11
15
47
59
49
60
0
17
50
21
36
52
61
8
18
27
41
30
40
4
12
42
22
63
29
43
64
6
19
62
65
66
67
27
22
29
49
52
1
8
11
12
47
50
53
21
23
30
48
51
55
28
32
25
36
54
0
4
9
10
13
15
26
35
37
58
31
41
24
43
57
60
65
66
67
28
26
35
48
51
3
10
11
15
47
50
59
25
36
39
49
52
60
27
41
21
30
61
0
4
8
12
17
18
22
29
43
63
32
42
37
40
55
64
65
66
67
29
1
12
27
53
22
23
52
55
30
49
54
8
9
11
13
32
50
51
58
4
31
47
21
24
36
37
48
57
15
16
28
56
25
33
43
10
14
41
65
66
67
30
4
12
32
50
36
37
52
55
29
43
51
58
11
13
15
16
27
41
53
49
54
60
1
19
28
56
22
23
35
38
48
57
63
9
18
31
47
59
65
66
67
31
24
33
54
57
2
9
13
14
53
56
23
34
55
58
32
29
38
1
5
12
16
30
37
27
22
52
4
50
36
43
49
8
11
51
41
15
19
47
65
66
67
32
30
37
55
58
4
12
13
16
50
53
56
29
36
38
43
52
54
57
27
31
41
23
34
51
1
5
9
11
14
15
19
22
24
33
49
60
63
28
65
66
67
33
2
14
31
24
57
34
54
9
13
56
58
5
53
23
38
55
16
32
29
1
12
37
30
4
27
22
52
50
43
36
49
8
11
51
19
41
15
47
65
66
67
34
5
14
56
38
57
33
58
13
16
31
54
2
32
24
37
55
9
53
30
4
12
23
29
43
1
19
50
36
52
27
41
44
22
63
51
11
15
49
65
66
67
35
3
15
28
59
26
39
51
60
36
48
61
10
11
17
18
41
50
52
63
4
42
47
25
30
40
43
49
64
12
19
27
62
21
37
45
6
8
20
65
66
67
36
4
15
41
50
30
43
51
60
35
37
52
63
11
12
18
19
28
32
59
48
55
61
3
16
27
62
26
29
39
44
49
58
64
13
17
42
47
53
65
66
67
37
4
16
32
30
43
58
36
38
55
12
13
19
41
50
56
52
57
63
5
15
53
29
34
44
51
54
60
11
14
18
27
31
62
23
35
9
28
59
65
66
67
38
5
16
56
34
58
37
57
13
14
32
55
4
31
30
33
43
54
12
19
53
24
36
2
9
41
50
29
44
23
52
63
1
7
15
27
62
51
60
65
66
67
39
3
17
59
35
61
26
40
60
15
18
28
42
51
64
6
10
41
36
45
48
63
11
20
50
62
25
43
4
19
47
46
52
30
44
49
7
12
27
65
66
67
40
6
17
42
45
61
39
64
18
20
59
60
3
62
35
46
63
15
41
26
44
7
19
28
36
43
51
4
10
50
48
11
30
37
52
25
47
49
12
65
66
67
41
36
43
60
63
4
15
18
19
50
59
62
30
35
37
44
51
61
64
28
32
42
39
46
52
3
7
11
12
16
17
20
26
40
45
48
55
58
27
65
66
67
42
40
45
61
64
6
17
18
20
59
62
39
46
60
63
41
35
44
3
7
15
19
36
43
28
26
51
4
50
30
37
48
10
11
52
32
12
16
47
65
66
67
43
4
19
41
36
37
63
30
44
60
15
16
18
32
50
62
51
58
64
7
12
59
35
38
46
52
55
61
11
13
20
28
42
56
29
39
17
27
53
65
66
67
44
7
19
62
46
63
43
64
18
20
41
60
4
42
36
37
45
61
15
16
59
30
40
6
17
32
50
35
38
39
51
58
3
5
12
28
56
52
55
65
66
67
45
6
20
42
40
64
46
61
17
18
62
63
7
59
39
44
60
19
41
35
3
15
43
36
4
28
26
51
50
37
30
48
10
11
52
16
32
12
47
65
66
67
46
7
20
62
44
64
45
63
18
19
42
61
6
41
40
43
60
17
59
36
4
15
39
35
37
3
16
50
30
51
28
32
38
26
58
52
11
12
55
65
66
67
47
21
25
48
49
0
8
10
11
27
28
22
26
51
52
50
29
35
1
3
12
15
30
36
53
59
23
39
55
60
4
32
41
37
43
54
61
17
18
65
66
67
48
10
11
28
47
25
26
49
51
21
35
52
0
3
8
15
27
50
22
36
12
59
29
30
39
60
1
4
41
55
61
17
18
32
53
43
23
37
63
65
66
67
49
8
11
27
47
21
22
48
52
25
29
51
0
1
10
12
28
50
26
30
15
53
23
35
36
55
3
4
32
54
60
9
13
41
59
37
39
43
58
65
66
67
50
30
36
51
52
4
11
12
15
27
28
32
41
29
35
37
43
48
49
55
60
47
53
59
22
26
58
63
1
3
8
10
13
16
18
19
25
39
54
65
66
67
51
11
15
28
50
35
36
48
52
26
30
49
60
3
4
10
12
27
41
47
59
25
29
39
43
8
18
32
21
22
37
55
61
63
0
1
17
19
53
65
66
67
52
11
12
27
50
29
30
49
51
22
36
48
55
1
4
8
15
28
32
47
53
21
23
35
37
10
13
41
25
26
43
54
58
60
0
3
9
16
59
65
66
67
53
23
29
54
55
1
9
12
13
27
31
32
22
24
30
52
57
58
50
56
33
37
49
2
4
8
11
14
16
34
36
38
51
47
21
43
48
5
15
65
66
67
54
9
13
31
53
23
24
55
57
29
33
58
1
2
12
14
32
56
30
34
16
27
22
37
38
52
4
5
50
49
8
11
36
43
51
15
41
47
48
65
66
67
55
12
13
32
53
29
30
54
58
23
37
52
57
1
4
9
16
27
31
50
56
22
24
36
38
11
14
33
34
43
49
51
2
5
8
15
41
48
47
65
66
67
56
34
38
57
58
5
13
14
16
31
32
33
37
54
55
53
24
30
2
4
9
12
23
29
43
50
36
52
1
19
27
41
22
44
51
63
11
15
49
65
66
67
57
13
14
31
56
33
34
54
58
24
38
55
2
5
9
16
32
53
23
37
12
29
30
1
4
52
27
50
43
22
36
11
19
41
49
51
8
15
63
65
66
67
58
13
16
32
56
37
38
55
57
30
34
54
4
5
12
14
31
53
29
33
43
9
50
23
24
36
52
1
2
19
27
41
51
11
15
22
63
44
49
65
66
67
59
35
39
60
61
3
15
17
18
28
41
42
26
36
40
51
63
64
50
62
43
45
48
4
6
10
11
19
20
30
44
46
52
47
25
37
49
7
12
65
66
67
60
15
18
41
59
35
36
61
63
39
43
51
64
3
4
17
19
28
42
50
62
26
30
40
44
11
20
37
45
46
48
52
6
7
10
12
32
49
47
65
66
67
61
17
18
42
59
39
40
60
64
35
45
63
3
6
15
20
41
62
36
46
19
28
26
43
44
51
4
7
50
48
10
11
30
37
52
12
32
47
25
65
66
67
62
44
46
63
64
7
18
19
20
41
42
43
45
60
61
59
36
40
4
6
15
17
35
37
39
50
30
51
3
16
28
32
26
38
52
58
11
12
55
65
66
67
63
18
19
41
62
43
44
60
64
36
46
61
4
7
15
20
42
59
35
37
45
17
50
30
39
40
51
3
6
16
28
32
52
11
12
26
58
38
55
65
66
67
64
18
20
42
62
45
46
61
63
40
44
60
6
7
17
19
41
59
39
43
15
35
36
3
4
51
28
50
37
26
30
11
16
32
48
52
10
12
58
65
66
67
