0
8
10
11
1
3
12
15
4
9
17
13
18
16
19
2
6
14
20
7
21
22
23
1
8
9
12
11
13
0
2
4
10
14
15
16
3
5
19
18
17
7
20
21
22
23
2
9
14
13
1
5
12
16
4
8
11
15
19
0
10
18
3
7
17
20
21
22
23
3
10
15
17
11
18
0
4
6
8
12
19
20
1
7
16
13
9
5
14
21
22
23
4
12
15
16
19
11
13
18
1
3
5
7
8
9
10
14
17
20
2
6
21
22
23
5
14
16
13
2
4
9
12
19
1
7
15
11
18
8
20
3
10
17
6
21
22
23
6
17
20
18
3
7
15
19
4
10
11
12
16
0
8
13
1
5
9
14
21
22
23
7
19
20
18
4
6
15
16
17
3
5
12
11
13
10
14
1
8
9
2
21
22
23
8
0
1
11
10
12
9
15
3
4
13
16
2
18
14
17
19
5
20
7
21
22
23
9
1
2
13
12
14
8
16
4
5
11
15
0
10
19
3
18
7
17
20
21
22
23
10
0
3
11
8
15
12
17
1
4
18
19
6
13
9
16
20
7
14
5
21
22
23
11
8
10
12
15
0
1
3
4
13
18
9
16
17
19
14
20
5
6
7
21
22
23
12
1
4
11
13
8
9
15
16
10
14
19
0
2
3
5
18
17
7
20
21
22
23
13
9
12
14
16
1
2
4
5
11
8
15
19
18
10
0
3
7
17
20
21
22
23
14
2
5
13
9
16
12
1
4
19
11
8
15
7
18
10
0
3
20
17
21
22
23
15
3
4
11
18
10
12
17
19
8
16
20
0
1
6
7
13
9
5
14
21
22
23
16
4
5
13
12
14
19
9
15
1
2
7
11
18
8
20
3
10
17
6
21
22
23
17
3
6
18
15
20
10
19
4
7
11
12
0
8
16
1
13
5
9
14
21
22
23
18
15
17
19
20
3
4
6
7
11
10
12
16
13
8
0
1
5
9
14
21
22
23
19
4
7
18
15
16
20
12
17
3
5
6
11
13
10
14
1
8
9
2
21
22
23
20
6
7
18
17
19
15
3
4
16
11
10
12
5
13
8
0
1
14
9
21
22
23
