Mean vec: 
( 0.0 , 0.0 )
( 0.004016064257028112 , 0.03759954869795479 )
( 0.008032128514056224 , 0.0749828195659461 )
( 0.012048192771084336 , 0.11211344540899404 )
( 0.01606425702811245 , 0.14895311993109317 )
( 0.020080321285140562 , 0.18546207858003072 )
( 0.024096385542168672 , 0.22159944887107486 )
( 0.028112449799196783 , 0.2573235371262683 )
( 0.0321285140562249 , 0.2925920784127243 )
( 0.03614457831325301 , 0.32736246375762335 )
( 0.040160642570281124 , 0.3615919533387171 )
( 0.04417670682730923 , 0.3952378817480451 )
( 0.048192771084337345 , 0.42825786014381606 )
( 0.05220883534136546 , 0.46060997957394534 )
( 0.056224899598393566 , 0.4922530197816002 )
( 0.06024096385542168 , 0.5231466683630117 )
( 0.0642570281124498 , 0.5532517564464854 )
( 0.0682730923694779 , 0.582530519569957 )
( 0.07228915662650602 , 0.6109468974174206 )
( 0.07630522088353413 , 0.6384668970199812 )
( 0.08032128514056225 , 0.6650590740858036 )
( 0.08433734939759036 , 0.6906953366481616 )
( 0.08835341365461846 , 0.7153523557236383 )
( 0.09236947791164658 , 0.7390112592203479 )
( 0.09638554216867469 , 0.7616563803345571 )
( 0.1004016064257028 , 0.7832746727878543 )
( 0.10441767068273092 , 0.8038553562756192 )
( 0.10843373493975902 , 0.823389661507548 )
( 0.11244979919678713 , 0.8418706327443886 )
( 0.11646586345381525 , 0.8592929678977157 )
( 0.12048192771084336 , 0.8756528850807683 )
( 0.12449799196787148 , 0.8909480087532415 )
( 0.1285140562248996 , 0.9051772709348711 )
( 0.1325301204819277 , 0.9183408243402482 )
( 0.1365461847389558 , 0.9304399651609288 )
( 0.14056224899598393 , 0.94147706380204 )
( 0.14457831325301204 , 0.951455502272438 )
( 0.14859437751004015 , 0.9603796172185923 )
( 0.15261044176706826 , 0.9682546477938843 )
( 0.15662650602409636 , 0.9750866877141675 )
( 0.1606425702811245 , 0.9808826409638982 )
( 0.1646586345381526 , 0.985650180713975 )
( 0.1686746987951807 , 0.9893977110784533 )
( 0.17269076305220882 , 0.9921343313987734 )
( 0.17670682730923692 , 0.9938698027897033 )
( 0.18072289156626503 , 0.9946145167159557 )
( 0.18473895582329317 , 0.9943794654032274 )
( 0.18875502008032127 , 0.9931762139102318 )
( 0.19277108433734938 , 0.9910168737115441 )
( 0.1967871485943775 , 0.9879140776572228 )
( 0.2008032128514056 , 0.9838809561931896 )
( 0.20481927710843373 , 0.9789311147352464 )
( 0.20883534136546184 , 0.9730786121068888 )
( 0.21285140562248994 , 0.9663379399529219 )
( 0.21686746987951805 , 0.9587240030576538 )
( 0.22088353413654616 , 0.9502521004956179 )
( 0.22489959839357426 , 0.9409379075563891 )
( 0.2289156626506024 , 0.9307974583835232 )
( 0.2329317269076305 , 0.9198471292801287 )
( 0.2369477911646586 , 0.908103622631188 )
( 0.24096385542168672 , 0.8955839513993737 )
( 0.24497991967871482 , 0.8823054241561294 )
( 0.24899598393574296 , 0.868285630609364 )
( 0.25301204819277107 , 0.8535424275943058 )
( 0.2570281124497992 , 0.8380939254953716 )
( 0.2610441767068273 , 0.8219584750688966 )
( 0.2650602409638554 , 0.8051546546407451 )
( 0.2690763052208835 , 0.7877012576483935 )
( 0.2730923694779116 , 0.7696172805080437 )
( 0.2771084337349397 , 0.7509219107807894 )
( 0.28112449799196787 , 0.7316345156140756 )
( 0.285140562248996 , 0.7117746304420507 )
( 0.2891566265060241 , 0.6913619479201429 )
( 0.2931726907630522 , 0.6704163070785683 )
( 0.2971887550200803 , 0.6489576826730001 )
( 0.3012048192771084 , 0.6270061747179625 )
( 0.3052208835341365 , 0.60458199818342 )
( 0.3092369477911646 , 0.5817054728393884 )
( 0.3132530120481927 , 0.5583970132313993 )
( 0.31726907630522083 , 0.5346771187718957 )
( 0.321285140562249 , 0.5105663639322984 )
( 0.3253012048192771 , 0.48608538851829053 )
( 0.3293172690763052 , 0.46125488801638426 )
( 0.3333333333333333 , 0.43609560399403335 )
( 0.3373493975903614 , 0.41062831453982085 )
( 0.34136546184738953 , 0.3848738247274639 )
( 0.34538152610441764 , 0.35885295708933995 )
( 0.34939759036144574 , 0.3325865420835612 )
( 0.35341365461847385 , 0.30609540853831163 )
( 0.35742971887550196 , 0.2794003740593496 )
( 0.36144578313253006 , 0.2525222353806953 )
( 0.3654618473895582 , 0.22548175864443465 )
( 0.36947791164658633 , 0.19829966959031253 )
( 0.37349397590361444 , 0.17099664363624356 )
( 0.37751004016064255 , 0.14359329583075464 )
( 0.38152610441767065 , 0.11611017065567353 )
( 0.38554216867469876 , 0.08856773165865661 )
( 0.38955823293172687 , 0.06098635088980586 )
( 0.393574297188755 , 0.03338629811833016 )
( 0.3975903614457831 , 0.005787729802278818 )
( 0.4016064257028112 , -0.021789322219774476 )
( 0.4056224899598393 , -0.04932496234731332 )
( 0.40963855421686746 , -0.07679944317943921 )
( 0.41365461847389556 , -0.10419317786490012 )
( 0.41767068273092367 , -0.13148675287908418 )
( 0.4216867469879518 , -0.15866094128033126 )
( 0.4257028112449799 , -0.18569671649926534 )
( 0.429718875502008 , -0.2125752667277112 )
( 0.4337349397590361 , -0.23927800997574877 )
( 0.4377510040160642 , -0.26578660988487 )
( 0.4417670682730923 , -0.29208299239357416 )
( 0.4457831325301204 , -0.31814936336992616 )
( 0.4497991967871485 , -0.34396822735490673 )
( 0.4538152610441767 , -0.3695224075757295 )
( 0.4578313253012048 , -0.3947950674431695 )
( 0.4618473895582329 , -0.4197697337830846 )
( 0.465863453815261 , -0.4444303221295911 )
( 0.4698795180722891 , -0.46876116450395955 )
( 0.4738955823293172 , -0.49274704024452376 )
( 0.47791164658634533 , -0.5163732106671972 )
( 0.48192771084337344 , -0.5396254586819396 )
( 0.48594377510040154 , -0.5624901350668239 )
( 0.48995983935742965 , -0.5849542141848616 )
( 0.4939759036144578 , -0.6070053642019388 )
( 0.4979919678714859 , -0.6286320427980314 )
( 0.502008032128514 , -0.6498236559096426 )
( 0.5060240963855421 , -0.6705708705613773 )
( 0.5100401606425702 , -0.6908656161106848 )
( 0.5140562248995983 , -0.7107007739097355 )
( 0.5180722891566265 , -0.7300700210579549 )
( 0.5220883534136546 , -0.7489677371929133 )
( 0.5261044176706827 , -0.7673889367840587 )
( 0.5301204819277108 , -0.7853292159388587 )
( 0.5341365461847389 , -0.8027847086642339 )
( 0.538152610441767 , -0.8197520498049471 )
( 0.5421686746987951 , -0.8362283429549962 )
( 0.5461847389558232 , -0.8522111322221946 )
( 0.5502008032128514 , -0.8676983770700133 )
( 0.5542168674698794 , -0.8826884296691873 )
( 0.5582329317269076 , -0.8971800143434763 )
( 0.5622489959839357 , -0.9111722087837819 )
( 0.5662650602409638 , -0.9246644267771558 )
( 0.570281124497992 , -0.9376564022503828 )
( 0.57429718875502 , -0.9501481744608213 )
( 0.5783132530120482 , -0.9621400742018409 )
( 0.5823293172690762 , -0.9736327109073528 )
( 0.5863453815261044 , -0.9846269605627356 )
( 0.5903614457831324 , -0.9951239543388084 )
( 0.5943775100401606 , -1.005125067881437 )
( 0.5983935742971886 , -1.0146319111956643 )
( 0.6024096385542168 , -1.0236463190721707 )
( 0.606425702811245 , -1.032170342010403 )
( 0.610441767068273 , -1.040206237598042 )
( 0.6144578313253012 , -1.0477564623114262 )
( 0.6184738955823292 , -1.0548236637033739 )
( 0.6224899598393574 , -1.061410672952789 )
( 0.6265060240963854 , -1.067520497747637 )
( 0.6305220883534136 , -1.0731563154795651 )
( 0.6345381526104417 , -1.078321466729733 )
( 0.6385542168674698 , -1.0830194490254854 )
( 0.642570281124498 , -1.0872539108517003 )
( 0.646586345381526 , -1.09102864590038 )
( 0.6506024096385542 , -1.0943475875439646 )
( 0.6546184738955823 , -1.097214803520572 )
( 0.6586345381526104 , -1.0996344908149212 )
( 0.6626506024096385 , -1.1016109707294532 )
( 0.6666666666666666 , -1.1031486841292093 )
( 0.6706827309236947 , -1.1042521868545947 )
( 0.6746987951807228 , -1.1049261452916568 )
( 0.6787148594377509 , -1.1051753320910649 )
( 0.6827309236947791 , -1.105004622028531 )
( 0.6867469879518072 , -1.1044189879986845 )
( 0.6907630522088353 , -1.103423497135978 )
( 0.6947791164658634 , -1.102023307055859 )
( 0.6987951807228915 , -1.1002236622091175 )
( 0.7028112449799196 , -1.0980298903459556 )
( 0.7068273092369477 , -1.0954473990813653 )
( 0.7108433734939759 , -1.0924816725584776 )
( 0.7148594377510039 , -1.0891382682052893 )
( 0.7188755020080321 , -1.0854228135776793 )
( 0.7228915662650601 , -1.0813410032872213 )
( 0.7269076305220883 , -1.0768985960074104 )
( 0.7309236947791165 , -1.0721014115549679 )
( 0.7349397590361445 , -1.0669553280428516 )
( 0.7389558232931727 , -1.061466279099804 )
( 0.7429718875502007 , -1.0556402511541165 )
( 0.7469879518072289 , -1.0494832807783325 )
( 0.7510040160642569 , -1.0430014520897828 )
( 0.7550200803212851 , -1.036200894206047 )
( 0.7590361445783131 , -1.0290877787502808 )
( 0.7630522088353413 , -1.021668317404263 )
( 0.7670682730923694 , -1.0139487595068317 )
( 0.7710843373493975 , -1.0059353896930077 )
( 0.7751004016064257 , -0.99763452557319 )
( 0.7791164658634537 , -0.9890525154476961 )
( 0.7831325301204819 , -0.9801957360555207 )
( 0.78714859437751 , -0.9710705903538184 )
( 0.7911646586345381 , -0.9616835053251407 )
( 0.7951807228915662 , -0.9520409298109342 )
( 0.7991967871485943 , -0.942149332368146 )
( 0.8032128514056224 , -0.9320151991461358 )
( 0.8072289156626505 , -0.9216450317813667 )
( 0.8112449799196786 , -0.9110453453082243 )
( 0.8152610441767068 , -0.9002226660818167 )
( 0.8192771084337349 , -0.8891835297120423 )
( 0.823293172690763 , -0.877934479004594 )
( 0.8273092369477911 , -0.8664820619072202 )
( 0.8313253012048192 , -0.8548328294586156 )
( 0.8353413654618473 , -0.8429933337361035 )
( 0.8393574297188754 , -0.8309701258017981 )
( 0.8433734939759036 , -0.8187697536401828 )
( 0.8473895582329316 , -0.8063987600892091 )
( 0.8514056224899598 , -0.7938636807569708 )
( 0.8554216867469878 , -0.7811710419250915 )
( 0.859437751004016 , -0.7683273584309234 )
( 0.8634538152610441 , -0.7553391315303628 )
( 0.8674698795180722 , -0.7422128467322011 )
( 0.8714859437751004 , -0.7289549716037556 )
( 0.8755020080321284 , -0.7155719535427494 )
( 0.8795180722891566 , -0.7020702175097142 )
( 0.8835341365461846 , -0.6884561637183992 )
( 0.8875502008032128 , -0.6747361652770394 )
( 0.8915662650602408 , -0.6609165657764038 )
( 0.895582329317269 , -0.6470036768174623 )
( 0.899598393574297 , -0.6330037754737248 )
( 0.9036144578313252 , -0.6189231016795702 )
( 0.9076305220883534 , -0.6047678555380713 )
( 0.9116465863453814 , -0.5905441945374434 )
( 0.9156626506024096 , -0.5762582306699358 )
( 0.9196787148594376 , -0.5619160274391675 )
( 0.9236947791164658 , -0.5475235967440142 )
( 0.9277108433734939 , -0.533086895627946 )
( 0.931726907630522 , -0.5186118228739218 )
( 0.9357429718875501 , -0.5041042154297344 )
( 0.9397590361445782 , -0.48956984463946185 )
( 0.9437751004016064 , -0.47501441225945484 )
( 0.9477911646586344 , -0.46044354622472383 )
( 0.9518072289156626 , -0.44586279613412216 )
( 0.9558232931726907 , -0.4312776284074431 )
( 0.9598393574297188 , -0.4166934210609412 )
( 0.9638554216867469 , -0.40211545803400384 )
( 0.967871485943775 , -0.38754892297873766 )
( 0.9718875502008031 , -0.3729988923965806 )
( 0.9759036144578312 , -0.3584703279659891 )
( 0.9799196787148593 , -0.3439680678398389 )
( 0.9839357429718875 , -0.32949681658752183 )
( 0.9879518072289156 , -0.31506113327080243 )
( 0.9919678714859437 , -0.300665416780447 )
( 0.9959839357429718 , -0.2863138867135433 )
( 1.0 , -0.27201055544468034 )


Pos dev: 
( 0.0 , 0.0 )
( 0.004016064257028112 , 0.039684629239799735 )
( 0.008032128514056224 , 0.07894475619381182 )
( 0.012048192771084336 , 0.11773787988175191 )
( 0.01606425702811245 , 0.15602150637859072 )
( 0.020080321285140562 , 0.1937530112153341 )
( 0.024096385542168672 , 0.23088972325006832 )
( 0.028112449799196783 , 0.267389062902831 )
( 0.0321285140562249 , 0.3032087003504964 )
( 0.03614457831325301 , 0.33830672366171033 )
( 0.040160642570281124 , 0.3726418142108507 )
( 0.04417670682730923 , 0.4061734297028035 )
( 0.048192771084337345 , 0.438861996755928 )
( 0.05220883534136546 , 0.47066911632145997 )
( 0.056224899598393566 , 0.501557786772226 )
( 0.06024096385542168 , 0.5314926517738764 )
( 0.0642570281124498 , 0.5604402838536342 )
( 0.0682730923694779 , 0.5883695216706303 )
( 0.07228915662650602 , 0.6152518937970334 )
( 0.07630522088353413 , 0.6410621988217713 )
( 0.08032128514056225 , 0.6657794383345037 )
( 0.08433734939759036 , 0.6920014685873355 )
( 0.08835341365461846 , 0.7188198007643241 )
( 0.09236947791164658 , 0.7447616438674783 )
( 0.09638554216867469 , 0.7698002199064445 )
( 0.1004016064257028 , 0.7939124166850718 )
( 0.10441767068273092 , 0.8170780998053415 )
( 0.10843373493975902 , 0.8392796874658687 )
( 0.11244979919678713 , 0.8605018506812665 )
( 0.11646586345381525 , 0.8807312857952855 )
( 0.12048192771084336 , 0.8999565334484962 )
( 0.12449799196787148 , 0.9181678296260218 )
( 0.1285140562248996 , 0.9353569800370665 )
( 0.1325301204819277 , 0.9515172521381657 )
( 0.1365461847389558 , 0.9666432809135952 )
( 0.14056224899598393 , 0.9807309856475345 )
( 0.14457831325301204 , 0.993777495656397 )
( 0.14859437751004015 , 1.0057810834496619 )
( 0.15261044176706826 , 1.016741104135578 )
( 0.15662650602409636 , 1.0266579401422662 )
( 0.1606425702811245 , 1.035532950509363 )
( 0.1646586345381526 , 1.043368424147011 )
( 0.1686746987951807 , 1.0501675365650465 )
( 0.17269076305220882 , 1.0559343096603244 )
( 0.17670682730923692 , 1.0606735742159994 )
( 0.18072289156626503 , 1.06439093481804 )
( 0.18473895582329317 , 1.0670927369396992 )
( 0.18875502008032127 , 1.0687860359766579 )
( 0.19277108433734938 , 1.0694785680470533 )
( 0.1967871485943775 , 1.0691787223921352 )
( 0.2008032128514056 , 1.0678955152356098 )
( 0.20481927710843373 , 1.0656385649739806 )
( 0.20883534136546184 , 1.0624180685882902 )
( 0.21285140562248994 , 1.0582447791749674 )
( 0.21686746987951805 , 1.0531299845098294 )
( 0.22088353413654616 , 1.047085486562056 )
( 0.22489959839357426 , 1.04012358188944 )
( 0.2289156626506024 , 1.0322570428459992 )
( 0.2329317269076305 , 1.023499099546478 )
( 0.2369477911646586 , 1.0138634225313115 )
( 0.24096385542168672 , 1.0033641060828762 )
( 0.24497991967871482 , 0.99201565214914 )
( 0.24899598393574296 , 0.9798329548316732 )
( 0.25301204819277107 , 0.9668312854003568 )
( 0.2570281124497992 , 0.9530262777989916 )
( 0.2610441767068273 , 0.9384339146084353 )
( 0.2650602409638554 , 0.9230705134382048 )
( 0.2690763052208835 , 0.9069527137141902 )
( 0.2730923694779116 , 0.8900974638400253 )
( 0.2771084337349397 , 0.8725220087046326 )
( 0.28112449799196787 , 0.854243877510496 )
( 0.285140562248996 , 0.8352808719044429 )
( 0.2891566265060241 , 0.8156510543853964 )
( 0.2931726907630522 , 0.7953727369721769 )
( 0.2971887550200803 , 0.7744644701092123 )
( 0.3012048192771084 , 0.7529450317945416 )
( 0.3052208835341365 , 0.7308334169103452 )
( 0.3092369477911646 , 0.708148826740009 )
( 0.3132530120481927 , 0.6849106586548477 )
( 0.31726907630522083 , 0.6611384959550897 )
( 0.321285140562249 , 0.6368520978496299 )
( 0.3253012048192771 , 0.6120713895584382 )
( 0.3293172690763052 , 0.5868164525248426 )
( 0.3333333333333333 , 0.5611075147213258 )
( 0.3373493975903614 , 0.53496494103589 )
( 0.34136546184738953 , 0.5084092237238759 )
( 0.34538152610441764 , 0.48146097291216056 )
( 0.34939759036144574 , 0.4541409071410315 )
( 0.35341365461847385 , 0.42646984392965437 )
( 0.35742971887550196 , 0.3984686903527663 )
( 0.36144578313253006 , 0.37015843361129913 )
( 0.3654618473895582 , 0.34156013158564036 )
( 0.36947791164658633 , 0.3126949033554681 )
( 0.37349397590361444 , 0.28358391967131125 )
( 0.37751004016064255 , 0.25424839336317157 )
( 0.38152610441767065 , 0.2247095696697426 )
( 0.38554216867469876 , 0.1949887164736216 )
( 0.38955823293172687 , 0.1651071144244072 )
( 0.393574297188755 , 0.13508604693261728 )
( 0.3975903614457831 , 0.10494679001808717 )
( 0.4016064257028112 , 0.07471060199201301 )
( 0.4056224899598393 , 0.04439871295409574 )
( 0.40963855421686746 , 0.014032314086648345 )
( 0.41365461847389556 , -0.016367453280436706 )
( 0.41767068273092367 , -0.046779508851433074 )
( 0.4216867469879518 , -0.0771828448189013 )
( 0.4257028112449799 , -0.10755653761239767 )
( 0.429718875502008 , -0.13787975996966406 )
( 0.4337349397590361 , -0.1681317933513347 )
( 0.4377510040160642 , -0.19829204072861883 )
( 0.4417670682730923 , -0.22834003976630185 )
( 0.4457831325301204 , -0.2582554764226214 )
( 0.4497991967871485 , -0.288018198989344 )
( 0.4538152610441767 , -0.3176082325747335 )
( 0.4578313253012048 , -0.347005794035537 )
( 0.4618473895582329 , -0.37619130732514866 )
( 0.465863453815261 , -0.4051454191942074 )
( 0.4698795180722891 , -0.4338490151040287 )
( 0.4738955823293172 , -0.4622832350896114 )
( 0.47791164658634533 , -0.4904294890617787 )
( 0.48192771084337344 , -0.5182694705701109 )
( 0.48594377510040154 , -0.5457851670282189 )
( 0.48995983935742965 , -0.5729588619845465 )
( 0.4939759036144578 , -0.5997731181986803 )
( 0.4979919678714859 , -0.626210704247774 )
( 0.502008032128514 , -0.64739310465194 )
( 0.5060240963855421 , -0.6632557299054539 )
( 0.5100401606425702 , -0.6786401004065593 )
( 0.5140562248995983 , -0.693544959824255 )
( 0.5180722891566265 , -0.707969333633339 )
( 0.5220883534136546 , -0.7219126000810547 )
( 0.5261044176706827 , -0.7353745061300466 )
( 0.5301204819277108 , -0.748355165052204 )
( 0.5341365461847389 , -0.7608550466329499 )
( 0.538152610441767 , -0.7728749642520506 )
( 0.5421686746987951 , -0.7844160607424989 )
( 0.5461847389558232 , -0.7954797939459061 )
( 0.5502008032128514 , -0.8060679224322117 )
( 0.5542168674698794 , -0.8161824916132596 )
( 0.5582329317269076 , -0.8258258203721127 )
( 0.5622489959839357 , -0.8350004882545126 )
( 0.5662650602409638 , -0.843709323236367 )
( 0.570281124497992 , -0.8519553900629899 )
( 0.57429718875502 , -0.8597419791388512 )
( 0.5783132530120482 , -0.867072595947301 )
( 0.5823293172690762 , -0.8739509509710198 )
( 0.5863453815261044 , -0.8803809500884824 )
( 0.5903614457831324 , -0.8863666854166858 )
( 0.5943775100401606 , -0.8919124265761151 )
( 0.5983935742971886 , -0.8970226123517311 )
( 0.6024096385542168 , -0.9017018427263792 )
( 0.606425702811245 , -0.9059548712645124 )
( 0.610441767068273 , -0.9097865978253554 )
( 0.6144578313253012 , -0.9132020615864761 )
( 0.6184738955823292 , -0.9162064343577896 )
( 0.6224899598393574 , -0.9188050141720892 )
( 0.6265060240963854 , -0.9210032191332481 )
( 0.6305220883534136 , -0.9228065815088028 )
( 0.6345381526104417 , -0.9242207420537536 )
( 0.6385542168674698 , -0.9252514445511573 )
( 0.642570281124498 , -0.9259045305586451 )
( 0.646586345381526 , -0.9261859343491989 )
( 0.6506024096385542 , -0.9261016780352964 )
( 0.6546184738955823 , -0.9256578668685969 )
( 0.6586345381526104 , -0.9248606847012304 )
( 0.6626506024096385 , -0.9237163896066243 )
( 0.6666666666666666 , -0.9222313096451369 )
( 0.6706827309236947 , -0.9204118387708617 )
( 0.6746987951807228 , -0.9182644328711741 )
( 0.6787148594377509 , -0.915795605931541 )
( 0.6827309236947791 , -0.9130119263197671 )
( 0.6867469879518072 , -0.9099200131830915 )
( 0.6907630522088353 , -0.906526532952536 )
( 0.6947791164658634 , -0.9028381959489263 )
( 0.6987951807228915 , -0.8988617530841055 )
( 0.7028112449799196 , -0.8946039926548663 )
( 0.7068273092369477 , -0.8900717372216131 )
( 0.7108433734939759 , -0.8852718405691332 )
( 0.7148594377510039 , -0.8802111847454186 )
( 0.7188755020080321 , -0.8748966771716197 )
( 0.7228915662650601 , -0.869335247822331 )
( 0.7269076305220883 , -0.8635338464699558 )
( 0.7309236947791165 , -0.8574994399900909 )
( 0.7349397590361445 , -0.8512390097248435 )
( 0.7389558232931727 , -0.8447595488989594 )
( 0.7429718875502007 , -0.8380680600867667 )
( 0.7469879518072289 , -0.8311715527265516 )
( 0.7510040160642569 , -0.8240770406773916 )
( 0.7550200803212851 , -0.8167915398175575 )
( 0.7590361445783131 , -0.8093220656794057 )
( 0.7630522088353413 , -0.8016756311184968 )
( 0.7670682730923694 , -0.7938592440145853 )
( 0.7710843373493975 , -0.7858799049995457 )
( 0.7751004016064257 , -0.7777446052115589 )
( 0.7791164658634537 , -0.7694603240705743 )
( 0.7831325301204819 , -0.7610340270735505 )
( 0.78714859437751 , -0.752472663605934 )
( 0.7911646586345381 , -0.7437831647657446 )
( 0.7951807228915662 , -0.7349724411986776 )
( 0.7991967871485943 , -0.7260473809404724 )
( 0.8032128514056224 , -0.7170148472632217 )
( 0.8072289156626505 , -0.7078816765226471 )
( 0.8112449799196786 , -0.6986546760040155 )
( 0.8152610441767068 , -0.6893406217617535 )
( 0.8192771084337349 , -0.679946256451549 )
( 0.823293172690763 , -0.6704782871493471 )
( 0.8273092369477911 , -0.6609433831550615 )
( 0.8313253012048192 , -0.6513481737769109 )
( 0.8353413654618473 , -0.6416992460916467 )
( 0.8393574297188754 , -0.632003142678946 )
( 0.8433734939759036 , -0.6222663593214061 )
( 0.8473895582329316 , -0.6124953426707577 )
( 0.8514056224899598 , -0.6026964878704295 )
( 0.8554216867469878 , -0.5928761361336947 )
( 0.859437751004016 , -0.583040572267081 )
( 0.8634538152610441 , -0.5731960221386221 )
( 0.8674698795180722 , -0.5633486500786468 )
( 0.8714859437751004 , -0.5535045562099983 )
( 0.8755020080321284 , -0.5436697736989262 )
( 0.8795180722891566 , -0.5338502659167017 )
( 0.8835341365461846 , -0.5240519235051622 )
( 0.8875502008032128 , -0.5142805613332897 )
( 0.8915662650602408 , -0.5045419153352159 )
( 0.895582329317269 , -0.49484163921513585 )
( 0.899598393574297 , -0.48518530100641577 )
( 0.9036144578313252 , -0.47557837946698195 )
( 0.9076305220883534 , -0.46602626029358685 )
( 0.9116465863453814 , -0.4565342321315339 )
( 0.9156626506024096 , -0.4471074823589232 )
( 0.9196787148594376 , -0.4377510926136696 )
( 0.9236947791164658 , -0.4284700340305433 )
( 0.9277108433734939 , -0.4192691621519507 )
( 0.931726907630522 , -0.41015321146162576 )
( 0.9357429718875501 , -0.4011267894892133 )
( 0.9397590361445782 , -0.3921943704145482 )
( 0.9437751004016064 , -0.3833602880923334 )
( 0.9477911646586344 , -0.37462872838949407 )
( 0.9518072289156626 , -0.3660037207087008 )
( 0.9558232931726907 , -0.3574891285275394 )
( 0.9598393574297188 , -0.3490886387339296 )
( 0.9638554216867469 , -0.3408057494643235 )
( 0.967871485943775 , -0.3326437560390276 )
( 0.9718875502008031 , -0.32460573441793134 )
( 0.9759036144578312 , -0.31669452132681775 )
( 0.9799196787148593 , -0.3089126897320653 )
( 0.9839357429718875 , -0.30126251748182964 )
( 0.9879518072289156 , -0.29374594518745284 )
( 0.9919678714859437 , -0.2863645153741494 )
( 0.9959839357429718 , -0.279119273230067 )
( 1.0 , -0.27201055544468034 )


Neg dev: 
( 0.0 , 0.0 )
( 0.004016064257028112 , 0.03551446815610984 )
( 0.008032128514056224 , 0.07102088293808038 )
( 0.012048192771084336 , 0.10648901093623617 )
( 0.01606425702811245 , 0.14188473348359562 )
( 0.020080321285140562 , 0.17717114594472735 )
( 0.024096385542168672 , 0.2123091744920814 )
( 0.028112449799196783 , 0.24725801134970563 )
( 0.0321285140562249 , 0.28197545647495215 )
( 0.03614457831325301 , 0.31641820385353636 )
( 0.040160642570281124 , 0.35054209246658347 )
( 0.04417670682730923 , 0.38430233379328665 )
( 0.048192771084337345 , 0.4176537235317041 )
( 0.05220883534136546 , 0.4505508428264307 )
( 0.056224899598393566 , 0.4829482527909744 )
( 0.06024096385542168 , 0.514800684952147 )
( 0.0642570281124498 , 0.5460632290393366 )
( 0.0682730923694779 , 0.5766915174692838 )
( 0.07228915662650602 , 0.6066419010378078 )
( 0.07630522088353413 , 0.635871595218191 )
( 0.08032128514056225 , 0.6643387098371034 )
( 0.08433734939759036 , 0.6893892047089878 )
( 0.08835341365461846 , 0.7118849106829526 )
( 0.09236947791164658 , 0.7332608745732175 )
( 0.09638554216867469 , 0.7535125407626696 )
( 0.1004016064257028 , 0.7726369288906368 )
( 0.10441767068273092 , 0.7906326127458969 )
( 0.10843373493975902 , 0.8074996355492273 )
( 0.11244979919678713 , 0.8232394148075106 )
( 0.11646586345381525 , 0.8378546500001459 )
( 0.12048192771084336 , 0.8513492367130404 )
( 0.12449799196787148 , 0.8637281878804612 )
( 0.1285140562248996 , 0.8749975618326757 )
( 0.1325301204819277 , 0.8851643965423307 )
( 0.1365461847389558 , 0.8942366494082623 )
( 0.14056224899598393 , 0.9022231419565455 )
( 0.14457831325301204 , 0.9091335088884791 )
( 0.14859437751004015 , 0.9149781509875228 )
( 0.15261044176706826 , 0.9197681914521905 )
( 0.15662650602409636 , 0.9235154352860688 )
( 0.1606425702811245 , 0.9262323314184335 )
( 0.1646586345381526 , 0.9279319372809393 )
( 0.1686746987951807 , 0.9286278855918603 )
( 0.17269076305220882 , 0.9283343531372222 )
( 0.17670682730923692 , 0.9270660313634073 )
( 0.18072289156626503 , 0.9248380986138713 )
( 0.18473895582329317 , 0.9216661938667557 )
( 0.18875502008032127 , 0.9175663918438058 )
( 0.19277108433734938 , 0.9125551793760349 )
( 0.1967871485943775 , 0.9066494329223105 )
( 0.2008032128514056 , 0.8998663971507694 )
( 0.20481927710843373 , 0.8922236644965122 )
( 0.20883534136546184 , 0.8837391556254875 )
( 0.21285140562248994 , 0.8744311007308765 )
( 0.21686746987951805 , 0.8643180216054783 )
( 0.22088353413654616 , 0.8534187144291798 )
( 0.22489959839357426 , 0.8417522332233379 )
( 0.2289156626506024 , 0.8293378739210473 )
( 0.2329317269076305 , 0.8161951590137793 )
( 0.2369477911646586 , 0.8023438227310645 )
( 0.24096385542168672 , 0.7878037967158713 )
( 0.24497991967871482 , 0.7725951961631189 )
( 0.24899598393574296 , 0.7567383063870549 )
( 0.25301204819277107 , 0.7402535697882547 )
( 0.2570281124497992 , 0.7231615731917517 )
( 0.2610441767068273 , 0.705483035529358 )
( 0.2650602409638554 , 0.6872387958432854 )
( 0.2690763052208835 , 0.6684498015825968 )
( 0.2730923694779116 , 0.649137097176062 )
( 0.2771084337349397 , 0.6293218128569462 )
( 0.28112449799196787 , 0.6090251537176551 )
( 0.285140562248996 , 0.5882683889796585 )
( 0.2891566265060241 , 0.5670728414548895 )
( 0.2931726907630522 , 0.5454598771849596 )
( 0.2971887550200803 , 0.523450895236788 )
( 0.3012048192771084 , 0.5010673176413833 )
( 0.3052208835341365 , 0.47833057945649465 )
( 0.3092369477911646 , 0.4552621189387679 )
( 0.3132530120481927 , 0.43188336780795106 )
( 0.31726907630522083 , 0.4082157415887018 )
( 0.321285140562249 , 0.38428063001496676 )
( 0.3253012048192771 , 0.36009938747814285 )
( 0.3293172690763052 , 0.3356933235079259 )
( 0.3333333333333333 , 0.31108369326674096 )
( 0.3373493975903614 , 0.2862916880437517 )
( 0.34136546184738953 , 0.2613384257310519 )
( 0.34538152610441764 , 0.23624494126651935 )
( 0.34939759036144574 , 0.2110321770260909 )
( 0.35341365461847385 , 0.18572097314696892 )
( 0.35742971887550196 , 0.1603320577659329 )
( 0.36144578313253006 , 0.13488603715009145 )
( 0.3654618473895582 , 0.10940338570322891 )
( 0.36947791164658633 , 0.08390443582515696 )
( 0.37349397590361444 , 0.05840936760117586 )
( 0.37751004016064255 , 0.03293819829833773 )
( 0.38152610441767065 , 0.0075107716416044495 )
( 0.38554216867469876 , -0.017853253156308355 )
( 0.38955823293172687 , -0.04313441264479548 )
( 0.393574297188755 , -0.06831345069595697 )
( 0.3975903614457831 , -0.09337133041352953 )
( 0.4016064257028112 , -0.11828924643156197 )
( 0.4056224899598393 , -0.1430486376487224 )
( 0.40963855421686746 , -0.16763120044552676 )
( 0.41365461847389556 , -0.19201890244936354 )
( 0.41767068273092367 , -0.2161939969067353 )
( 0.4216867469879518 , -0.2401390377417612 )
( 0.4257028112449799 , -0.263836895386133 )
( 0.429718875502008 , -0.28727077348575836 )
( 0.4337349397590361 , -0.31042422660016283 )
( 0.4377510040160642 , -0.3332811790411212 )
( 0.4417670682730923 , -0.35582594502084647 )
( 0.4457831325301204 , -0.3780432503172309 )
( 0.4497991967871485 , -0.39991825572046946 )
( 0.4538152610441767 , -0.42143658257672556 )
( 0.4578313253012048 , -0.442584340850802 )
( 0.4618473895582329 , -0.4633481602410205 )
( 0.465863453815261 , -0.48371522506497483 )
( 0.4698795180722891 , -0.5036733139038904 )
( 0.4738955823293172 , -0.5232108453994362 )
( 0.47791164658634533 , -0.5423169322726158 )
( 0.48192771084337344 , -0.5609814467937683 )
( 0.48594377510040154 , -0.5791951031054289 )
( 0.48995983935742965 , -0.5969495663851767 )
( 0.4939759036144578 , -0.6142376102051974 )
( 0.4979919678714859 , -0.6310533813482888 )
( 0.502008032128514 , -0.6522542071673453 )
( 0.5060240963855421 , -0.6778860112173007 )
( 0.5100401606425702 , -0.7030911318148102 )
( 0.5140562248995983 , -0.727856587995216 )
( 0.5180722891566265 , -0.7521707084825708 )
( 0.5220883534136546 , -0.7760228743047719 )
( 0.5261044176706827 , -0.7994033674380708 )
( 0.5301204819277108 , -0.8223032668255135 )
( 0.5341365461847389 , -0.8447143706955179 )
( 0.538152610441767 , -0.8666291353578436 )
( 0.5421686746987951 , -0.8880406251674934 )
( 0.5461847389558232 , -0.9089424704984831 )
( 0.5502008032128514 , -0.9293288317078149 )
( 0.5542168674698794 , -0.9491943677251149 )
( 0.5582329317269076 , -0.9685342083148398 )
( 0.5622489959839357 , -0.9873439293130513 )
( 0.5662650602409638 , -1.0056195303179445 )
( 0.570281124497992 , -1.0233574144377757 )
( 0.57429718875502 , -1.0405543697827915 )
( 0.5783132530120482 , -1.0572075524563809 )
( 0.5823293172690762 , -1.0733144708436857 )
( 0.5863453815261044 , -1.0888729710369889 )
( 0.5903614457831324 , -1.103881223260931 )
( 0.5943775100401606 , -1.1183377091867588 )
( 0.5983935742971886 , -1.1322412100395975 )
( 0.6024096385542168 , -1.1455907954179623 )
( 0.606425702811245 , -1.1583858127562934 )
( 0.610441767068273 , -1.1706258773707288 )
( 0.6144578313253012 , -1.1823108630363761 )
( 0.6184738955823292 , -1.1934408930489582 )
( 0.6224899598393574 , -1.2040163317334889 )
( 0.6265060240963854 , -1.2140377763620256 )
( 0.6305220883534136 , -1.2235060494503274 )
( 0.6345381526104417 , -1.2324221914057123 )
( 0.6385542168674698 , -1.2407874534998136 )
( 0.642570281124498 , -1.2486032911447555 )
( 0.646586345381526 , -1.255871357451561 )
( 0.6506024096385542 , -1.2625934970526327 )
( 0.6546184738955823 , -1.2687717401725471 )
( 0.6586345381526104 , -1.274408296928612 )
( 0.6626506024096385 , -1.2795055518522822 )
( 0.6666666666666666 , -1.2840660586132817 )
( 0.6706827309236947 , -1.2880925349383276 )
( 0.6746987951807228 , -1.2915878577121394 )
( 0.6787148594377509 , -1.294555058250589 )
( 0.6827309236947791 , -1.2969973177372949 )
( 0.6867469879518072 , -1.2989179628142775 )
( 0.6907630522088353 , -1.30032046131942 )
( 0.6947791164658634 , -1.3012084181627914 )
( 0.6987951807228915 , -1.3015855713341293 )
( 0.7028112449799196 , -1.3014557880370448 )
( 0.7068273092369477 , -1.3008230609411175 )
( 0.7108433734939759 , -1.2996915045478221 )
( 0.7148594377510039 , -1.29806535166516 )
( 0.7188755020080321 , -1.2959489499837389 )
( 0.7228915662650601 , -1.2933467587521115 )
( 0.7269076305220883 , -1.290263345544865 )
( 0.7309236947791165 , -1.286703383119845 )
( 0.7349397590361445 , -1.2826716463608598 )
( 0.7389558232931727 , -1.2781730093006485 )
( 0.7429718875502007 , -1.2732124422214663 )
( 0.7469879518072289 , -1.2677950088301133 )
( 0.7510040160642569 , -1.261925863502174 )
( 0.7550200803212851 , -1.2556102485945366 )
( 0.7590361445783131 , -1.2488534918211558 )
( 0.7630522088353413 , -1.2416610036900289 )
( 0.7670682730923694 , -1.2340382749990781 )
( 0.7710843373493975 , -1.2259908743864696 )
( 0.7751004016064257 , -1.2175244459348211 )
( 0.7791164658634537 , -1.2086447068248178 )
( 0.7831325301204819 , -1.1993574450374909 )
( 0.78714859437751 , -1.1896685171017027 )
( 0.7911646586345381 , -1.179583845884537 )
( 0.7951807228915662 , -1.169109418423191 )
( 0.7991967871485943 , -1.1582512837958197 )
( 0.8032128514056224 , -1.14701555102905 )
( 0.8072289156626505 , -1.1354083870400862 )
( 0.8112449799196786 , -1.1234360146124331 )
( 0.8152610441767068 , -1.1111047104018799 )
( 0.8192771084337349 , -1.0984208029725355 )
( 0.823293172690763 , -1.0853906708598409 )
( 0.8273092369477911 , -1.072020740659379 )
( 0.8313253012048192 , -1.0583174851403203 )
( 0.8353413654618473 , -1.0442874213805602 )
( 0.8393574297188754 , -1.0299371089246503 )
( 0.8433734939759036 , -1.0152731479589596 )
( 0.8473895582329316 , -1.0003021775076606 )
( 0.8514056224899598 , -0.985030873643512 )
( 0.8554216867469878 , -0.9694659477164882 )
( 0.859437751004016 , -0.9536141445947658 )
( 0.8634538152610441 , -0.9374822409221035 )
( 0.8674698795180722 , -0.9210770433857555 )
( 0.8714859437751004 , -0.9044053869975128 )
( 0.8755020080321284 , -0.8874741333865726 )
( 0.8795180722891566 , -0.8702901691027267 )
( 0.8835341365461846 , -0.8528604039316363 )
( 0.8875502008032128 , -0.8351917692207891 )
( 0.8915662650602408 , -0.8172912162175917 )
( 0.895582329317269 , -0.7991657144197888 )
( 0.899598393574297 , -0.7808222499410338 )
( 0.9036144578313252 , -0.7622678238921585 )
( 0.9076305220883534 , -0.7435094507825558 )
( 0.9116465863453814 , -0.724554156943353 )
( 0.9156626506024096 , -0.7054089789809483 )
( 0.9196787148594376 , -0.6860809622646653 )
( 0.9236947791164658 , -0.6665771594574851 )
( 0.9277108433734939 , -0.6469046291039413 )
( 0.931726907630522 , -0.6270704342862179 )
( 0.9357429718875501 , -0.6070816413702554 )
( 0.9397590361445782 , -0.5869453188643755 )
( 0.9437751004016064 , -0.5666685364265762 )
( 0.9477911646586344 , -0.5462583640599536 )
( 0.9518072289156626 , -0.5257218715595435 )
( 0.9558232931726907 , -0.5050661282873469 )
( 0.9598393574297188 , -0.4842982033879528 )
( 0.9638554216867469 , -0.46342516660368416 )
( 0.967871485943775 , -0.4424540899184477 )
( 0.9718875502008031 , -0.4213920503752298 )
( 0.9759036144578312 , -0.40024613460516045 )
( 0.9799196787148593 , -0.3790234459476125 )
( 0.9839357429718875 , -0.35773111569321403 )
( 0.9879518072289156 , -0.336376321354152 )
( 0.9919678714859437 , -0.3149663181867446 )
( 0.9959839357429718 , -0.2935085001970196 )
( 1.0 , -0.27201055544468034 )


True Fct: 
( 0.0 , 0.0 )
( 0.004016064257028112 , 0.039989248352346615 )
( 0.008032128514056224 , 0.07959562512525956 )
( 0.012048192771084336 , 0.118759814226484 )
( 0.01606425702811245 , 0.15742364273346285 )
( 0.020080321285140562 , 0.1955301602562481 )
( 0.024096385542168672 , 0.2330237159408302 )
( 0.028112449799196783 , 0.26985003301520377 )
( 0.0321285140562249 , 0.30595628078457643 )
( 0.03614457831325301 , 0.3412911439863324 )
( 0.040160642570281124 , 0.3758048894196743 )
( 0.04417670682730923 , 0.4094494297692824 )
( 0.048192771084337345 , 0.4421783845468391 )
( 0.05220883534136546 , 0.473947138078866 )
( 0.056224899598393566 , 0.5047128944740018 )
( 0.06024096385542168 , 0.534434729507598 )
( 0.0642570281124498 , 0.5630736393663371 )
( 0.0682730923694779 , 0.590592586200453 )
( 0.07228915662650602 , 0.6169565404360702 )
( 0.07630522088353413 , 0.642132519805153 )
( 0.08032128514056225 , 0.6660896250555751 )
( 0.08433734939759036 , 0.6887990723088652 )
( 0.08835341365461846 , 0.7102342220382496 )
( 0.09236947791164658 , 0.7303706046447057 )
( 0.09638554216867469 , 0.7491859426138212 )
( 0.1004016064257028 , 0.7666601692413568 )
( 0.10441767068273092 , 0.7827754439204907 )
( 0.10843373493975902 , 0.7975161639887959 )
( 0.11244979919678713 , 0.8108689731380523 )
( 0.11646586345381525 , 0.8228227663950181 )
( 0.12048192771084336 , 0.8333686916862643 )
( 0.12449799196787148 , 0.8425001480051302 )
( 0.1285140562248996 , 0.8502127802037382 )
( 0.1325301204819277 , 0.8565044704378476 )
( 0.1365461847389558 , 0.8613753262970972 )
( 0.14056224899598393 , 0.8648276656578923 )
( 0.14457831325301204 , 0.8668659983008024 )
( 0.14859437751004015 , 0.8674970043388972 )
( 0.15261044176706826 , 0.8667295095078773 )
( 0.15662650602409636 , 0.8645744573732268 )
( 0.1606425702811245 , 0.8610448785138644 )
( 0.1646586345381526 , 0.8561558567459086 )
( 0.1686746987951807 , 0.8499244924542153 )
( 0.17269076305220882 , 0.8423698631032528 )
( 0.17670682730923692 , 0.8335129810026716 )
( 0.18072289156626503 , 0.8233767484065895 )
( 0.18473895582329317 , 0.8119859100291362 )
( 0.18875502008032127 , 0.7993670030621943 )
( 0.19277108433734938 , 0.7855483047845186 )
( 0.1967871485943775 , 0.7705597778545185 )
( 0.2008032128514056 , 0.7544330133819324 )
( 0.20481927710843373 , 0.7372011718764211 )
( 0.20883534136546184 , 0.7188989221737478 )
( 0.21285140562248994 , 0.6995623784426791 )
( 0.21686746987951805 , 0.6792290353780637 )
( 0.22088353413654616 , 0.6579377016876838 )
( 0.22489959839357426 , 0.6357284319824531 )
( 0.2289156626506024 , 0.6126424571813397 )
( 0.2329317269076305 , 0.5887221135440288 )
( 0.2369477911646586 , 0.5640107704457823 )
( 0.24096385542168672 , 0.5385527570102557 )
( 0.24497991967871482 , 0.5123932877171129 )
( 0.24899598393574296 , 0.48557838710222034 )
( 0.25301204819277107 , 0.45815481366893956 )
( 0.2570281124497992 , 0.4301699831296081 )
( 0.2610441767068273 , 0.40167189109668267 )
( 0.2650602409638554 , 0.37270903534322775 )
( 0.2690763052208835 , 0.34333033775246835 )
( 0.2730923694779116 , 0.31358506607596315 )
( 0.2771084337349397 , 0.28352275561964363 )
( 0.28112449799196787 , 0.25319313097645785 )
( 0.285140562248996 , 0.22264602792367835 )
( 0.2891566265060241 , 0.19193131560209004 )
( 0.2931726907630522 , 0.16109881909325793 )
( 0.2971887550200803 , 0.13019824250988213 )
( 0.3012048192771084 , 0.09927909271289634 )
( 0.3052208835341365 , 0.06839060376745752 )
( 0.3092369477911646 , 0.03758166224828595 )
( 0.3132530120481927 , 0.006900733502992771 )
( 0.31726907630522083 , -0.0236042110199549 )
( 0.321285140562249 , -0.05388576527412713 )
( 0.3253012048192771 , -0.08389715884664696 )
( 0.3293172690763052 , -0.11359232581853203 )
( 0.3333333333333333 , -0.1429259721566137 )
( 0.3373493975903614 , -0.1718536415424956 )
( 0.34136546184738953 , -0.20033177954682482 )
( 0.34538152610441764 , -0.22831779606011252 )
( 0.34939759036144574 , -0.255770125894398 )
( 0.35341365461847385 , -0.282648287473237 )
( 0.35742971887550196 , -0.3089129395307918 )
( 0.36144578313253006 , -0.33452593574418793 )
( 0.3654618473895582 , -0.35945037722680345 )
( 0.36947791164658633 , -0.38365066281373644 )
( 0.37349397590361444 , -0.40709253707438003 )
( 0.37751004016064255 , -0.4297431359907705 )
( 0.38152610441767065 , -0.45157103024422485 )
( 0.38554216867469876 , -0.4725462660566642 )
( 0.38955823293172687 , -0.49264040353698896 )
( 0.393574297188755 , -0.5118265524868881 )
( 0.3975903614457831 , -0.530079405624531 )
( 0.4016064257028112 , -0.5473752691887032 )
( 0.4056224899598393 , -0.5636920908900966 )
( 0.40963855421686746 , -0.5790094851806474 )
( 0.41365461847389556 , -0.5933087558160153 )
( 0.41767068273092367 , -0.6065729156905331 )
( 0.4216867469879518 , -0.6187867039281817 )
( 0.4257028112449799 , -0.62993660021739 )
( 0.429718875502008 , -0.6400108363817085 )
( 0.4337349397590361 , -0.6489994051826329 )
( 0.4377510040160642 , -0.6568940663550739 )
( 0.4417670682730923 , -0.6636883498801829 )
( 0.4457831325301204 , -0.669377556504404 )
( 0.4497991967871485 , -0.6739587555177803 )
( 0.4538152610441767 , -0.677430779808638 )
( 0.4578313253012048 , -0.6797942182158425 )
( 0.4618473895582329 , -0.6810514052038262 )
( 0.465863453815261 , -0.681206407889547 )
( 0.4698795180722891 , -0.6802650104544284 )
( 0.4738955823293172 , -0.6782346959781639 )
( 0.47791164658634533 , -0.6751246257350156 )
( 0.48192771084337344 , -0.6709456159969217 )
( 0.48594377510040154 , -0.6657101123913147 )
( 0.48995983935742965 , -0.6594321618650563 )
( 0.4939759036144578 , -0.6521273823093156 )
( 0.4979919678714859 , -0.6438129299035172 )
( 0.502008032128514 , -0.6345074642397084 )
( 0.5060240963855421 , -0.6242311112917903 )
( 0.5100401606425702 , -0.6130054242970588 )
( 0.5140562248995983 , -0.6008533426203657 )
( 0.5180722891566265 , -0.5877991486739839 )
( 0.5220883534136546 , -0.5738684229688821 )
( 0.5261044176706827 , -0.5590879973756272 )
( 0.5301204819277108 , -0.5434859066755209 )
( 0.5341365461847389 , -0.5270913384848019 )
( 0.538152610441767 , -0.5099345816368815 )
( 0.5421686746987951 , -0.49204697310952566 )
( 0.5461847389558232 , -0.47346084358575563 )
( 0.5502008032128514 , -0.45420946173889926 )
( 0.5542168674698794 , -0.43432697733379866 )
( 0.5582329317269076 , -0.41384836323754426 )
( 0.5622489959839357 , -0.392809356434388 )
( 0.5662650602409638 , -0.3712463981405564 )
( 0.570281124497992 , -0.3491965731156551 )
( 0.57429718875502 , -0.32669754826814895 )
( 0.5783132530120482 , -0.30378751065303206 )
( 0.5823293172690762 , -0.2805051049603239 )
( 0.5863453815261044 , -0.2568893705933343 )
( 0.5903614457831324 , -0.2329796784358636 )
( 0.5943775100401606 , -0.20881566740750143 )
( 0.5983935742971886 , -0.18443718090611816 )
( 0.6024096385542168 , -0.15988420323632385 )
( 0.606425702811245 , -0.1351967961223054 )
( 0.610441767068273 , -0.11041503540284749 )
( 0.6144578313253012 , -0.08557894800565309 )
( 0.6184738955823292 , -0.06072844929722234 )
( 0.6224899598393574 , -0.035903280903526 )
( 0.6265060240963854 , -0.01114294909560823 )
( 0.6305220883534136 , 0.013513336167080501 )
( 0.6345381526104417 , 0.03802672144418349 )
( 0.6385542168674698 , 0.06235876918293271 )
( 0.642570281124498 , 0.08647151615944483 )
( 0.646586345381526 , 0.11032753090646696 )
( 0.6506024096385542 , 0.13388997004313705 )
( 0.6546184738955823 , 0.15712263342438185 )
( 0.6586345381526104 , 0.1799900180297676 )
( 0.6626506024096385 , 0.2024573705138785 )
( 0.6666666666666666 , 0.2244907383427315 )
( 0.6706827309236947 , 0.24605701944319963 )
( 0.6746987951807228 , 0.267124010295069 )
( 0.6787148594377509 , 0.287660452398011 )
( 0.6827309236947791 , 0.30763607704859075 )
( 0.6867469879518072 , 0.32702164836527803 )
( 0.6907630522088353 , 0.3457890045024289 )
( 0.6947791164658634 , 0.363911096997234 )
( 0.6987951807228915 , 0.3813620281967416 )
( 0.7028112449799196 , 0.39811708671528545 )
( 0.7068273092369477 , 0.4141527808758576 )
( 0.7108433734939759 , 0.4294468700923113 )
( 0.7148594377510039 , 0.4439783941526182 )
( 0.7188755020080321 , 0.45772770036683386 )
( 0.7228915662650601 , 0.4706764685468603 )
( 0.7269076305220883 , 0.48280773378860176 )
( 0.7309236947791165 , 0.49410590703061485 )
( 0.7349397590361445 , 0.5045567933669132 )
( 0.7389558232931727 , 0.5141476080951489 )
( 0.7429718875502007 , 0.5228669904849665 )
( 0.7469879518072289 , 0.5307050152549362 )
( 0.7510040160642569 , 0.5376532017500425 )
( 0.7550200803212851 , 0.5437045208153188 )
( 0.7590361445783131 , 0.548853399364785 )
( 0.7630522088353413 , 0.5530957226484328 )
( 0.7670682730923694 , 0.5564288342235434 )
( 0.7710843373493975 , 0.5588515336401639 )
( 0.7751004016064257 , 0.5603640718540601 )
( 0.7791164658634537 , 0.5609681443839365 )
( 0.7831325301204819 , 0.5606668822331359 )
( 0.78714859437751 , 0.5594648405994197 )
( 0.7911646586345381 , 0.5573679853997573 )
( 0.7951807228915662 , 0.5543836776403323 )
( 0.7991967871485943 , 0.5505206556651935 )
( 0.8032128514056224 , 0.5457890153201369 )
( 0.8072289156626505 , 0.5402001880714766 )
( 0.8112449799196786 , 0.5337669171223974 )
( 0.8152610441767068 , 0.5265032315724935 )
( 0.8192771084337349 , 0.5184244186689716 )
( 0.823293172690763 , 0.509546994200748 )
( 0.8273092369477911 , 0.49988867108935636 )
( 0.8313253012048192 , 0.48946832623316505 )
( 0.8353413654618473 , 0.4783059656638831 )
( 0.8393574297188754 , 0.46642268807673504 )
( 0.8433734939759036 , 0.453840646797945 )
( 0.8473895582329316 , 0.4405830102553671 )
( 0.8514056224899598 , 0.4266739210201451 )
( 0.8554216867469878 , 0.412138453489255 )
( 0.859437751004016 , 0.39700257028059677 )
( 0.8634538152610441 , 0.38129307741404844 )
( 0.8674698795180722 , 0.3650375783534639 )
( 0.8714859437751004 , 0.3482644269860977 )
( 0.8755020080321284 , 0.33100267961727575 )
( 0.8795180722891566 , 0.3132820460593609 )
( 0.8835341365461846 , 0.295132839895174 )
( 0.8875502008032128 , 0.2765859279969778 )
( 0.8915662650602408 , 0.2576726793829969 )
( 0.895582329317269 , 0.23842491349414308 )
( 0.899598393574297 , 0.21887484797421192 )
( 0.9036144578313252 , 0.1990550460372376 )
( 0.9076305220883534 , 0.17899836350605453 )
( 0.9116465863453814 , 0.1587378956062537 )
( 0.9156626506024096 , 0.13830692359981506 )
( 0.9196787148594376 , 0.1177388613426026 )
( 0.9236947791164658 , 0.09706720184970287 )
( 0.9277108433734939 , 0.07632546395227245 )
( 0.931726907630522 , 0.05554713912905791 )
( 0.9357429718875501 , 0.0347656385952108 )
( 0.9397590361445782 , 0.014014240730253726 )
( 0.9437751004016064 , -0.006673961073750467 )
( 0.9477911646586344 , -0.027266110063757718 )
( 0.9518072289156626 , -0.04772963719804558 )
( 0.9558232931726907 , -0.06803231156146036 )
( 0.9598393574297188 , -0.08814229004716712 )
( 0.9638554216867469 , -0.10802816622984385 )
( 0.967871485943775 , -0.1276590183568575 )
( 0.9718875502008031 , -0.14700445638557394 )
( 0.9759036144578312 , -0.16603466799673952 )
( 0.9799196787148593 , -0.1847204635157093 )
( 0.9839357429718875 , -0.20303331967528834 )
( 0.9879518072289156 , -0.22094542215598087 )
( 0.9919678714859437 , -0.23842970684160703 )
( 0.9959839357429718 , -0.2554598997304851 )
( 1.0 , -0.2720105554446849 )


Acquisition fct: 
( 0.0 , 0.0 )
( 0.004016064257028112 , 0.0 )
( 0.008032128514056224 , 0.0 )
( 0.012048192771084336 , 0.0 )
( 0.01606425702811245 , 0.0 )
( 0.020080321285140562 , 0.0 )
( 0.024096385542168672 , 0.0 )
( 0.028112449799196783 , 0.0 )
( 0.0321285140562249 , 0.0 )
( 0.03614457831325301 , 0.0 )
( 0.040160642570281124 , 0.0 )
( 0.04417670682730923 , 0.0 )
( 0.048192771084337345 , 0.0 )
( 0.05220883534136546 , 0.0 )
( 0.056224899598393566 , 0.0 )
( 0.06024096385542168 , 0.0 )
( 0.0642570281124498 , 3.2144540769854913e-296 )
( 0.0682730923694779 , 1.2916615728576948e-271 )
( 0.07228915662650602 , 2.241406754260136e-260 )
( 0.07630522088353413 , 2.6235424498534566e-280 )
( 0.08032128514056225 , 0.0 )
( 0.08433734939759036 , 0.006201019323688115 )
( 0.08835341365461846 , 0.030858038399164796 )
( 0.09236947791164658 , 0.05451694189587442 )
( 0.09638554216867469 , 0.07716206301005514 )
( 0.1004016064257028 , 0.09878035546338083 )
( 0.10441767068273092 , 0.1193610389511457 )
( 0.10843373493975902 , 0.13889534418307448 )
( 0.11244979919678713 , 0.15737631541991504 )
( 0.11646586345381525 , 0.17479865057324218 )
( 0.12048192771084336 , 0.1911585677562948 )
( 0.12449799196787148 , 0.20645369142876802 )
( 0.1285140562248996 , 0.22068295361039758 )
( 0.1325301204819277 , 0.2338465070157747 )
( 0.1365461847389558 , 0.24594564783645523 )
( 0.14056224899598393 , 0.25698274647756647 )
( 0.14457831325301204 , 0.2669611849479645 )
( 0.14859437751004015 , 0.2758852998941188 )
( 0.15261044176706826 , 0.28376033046941074 )
( 0.15662650602409636 , 0.2905923703897224 )
( 0.1606425702811245 , 0.2963883236394247 )
( 0.1646586345381526 , 0.3011558633895015 )
( 0.1686746987951807 , 0.3049033937539798 )
( 0.17269076305220882 , 0.30764001407429986 )
( 0.17670682730923692 , 0.3093754854652013 )
( 0.18072289156626503 , 0.31012019939148217 )
( 0.18473895582329317 , 0.3098851480787539 )
( 0.18875502008032127 , 0.3086818965857583 )
( 0.19277108433734938 , 0.30652255638707065 )
( 0.1967871485943775 , 0.30341976033277795 )
( 0.2008032128514056 , 0.29938663886871897 )
( 0.20481927710843373 , 0.2944367974108069 )
( 0.20883534136546184 , 0.28858429478276076 )
( 0.21285140562248994 , 0.2818436226315218 )
( 0.21686746987951805 , 0.2742296857573004 )
( 0.22088353413654616 , 0.26575778333920574 )
( 0.22489959839357426 , 0.25644359127742883 )
( 0.2289156626506024 , 0.24630314689643987 )
( 0.2329317269076305 , 0.2353528413387101 )
( 0.2369477911646586 , 0.2236094392038899 )
( 0.24096385542168672 , 0.21109018851444838 )
( 0.24497991967871482 , 0.19781319994834037 )
( 0.24899598393574296 , 0.18379853916852845 )
( 0.25301204819277107 , 0.16907098321672587 )
( 0.2570281124497992 , 0.15366615948730153 )
( 0.2610441767068273 , 0.13764255253904503 )
( 0.2650602409638554 , 0.1211018379466616 )
( 0.2690763052208835 , 0.10421785284234562 )
( 0.2730923694779116 , 0.08726907802980623 )
( 0.2771084337349397 , 0.07066141431117196 )
( 0.28112449799196787 , 0.05492137292937069 )
( 0.285140562248996 , 0.04064166155853535 )
( 0.2891566265060241 , 0.028377138988750605 )
( 0.2931726907630522 , 0.018516285477414674 )
( 0.2971887550200803 , 0.01117690229222511 )
( 0.3012048192771084 , 0.0061753615750289245 )
( 0.3052208835341365 , 0.003088586711495393 )
( 0.3092369477911646 , 0.0013821558615360451 )
( 0.3132530120481927 , 0.0005466409903499433 )
( 0.31726907630522083 , 0.0001885702688224876 )
( 0.321285140562249 , 5.593531367977108e-05 )
( 0.3253012048192771 , 1.4047141893418479e-05 )
( 0.3293172690763052 , 2.9358583549613253e-06 )
( 0.3333333333333333 , 5.010181091841309e-07 )
( 0.3373493975903614 , 6.834068545223294e-08 )
( 0.34136546184738953 , 7.274043010581466e-09 )
( 0.34538152610441764 , 5.87920757857308e-10 )
( 0.34939759036144574 , 3.49820476853053e-11 )
( 0.35341365461847385 , 1.478957351449891e-12 )
( 0.35742971887550196 , 4.265381740284389e-14 )
( 0.36144578313253006 , 8.006424725221586e-16 )
( 0.3654618473895582 , 9.262830417268528e-18 )
( 0.36947791164658633 , 6.199323522351817e-20 )
( 0.37349397590361444 , 2.2287314507924077e-22 )
( 0.37751004016064255 , 3.945336273149071e-25 )
( 0.38152610441767065 , 3.103170354261276e-28 )
( 0.38554216867469876 , 9.600234222954918e-32 )
( 0.38955823293172687 , 1.0100564656697127e-35 )
( 0.393574297188755 , 3.0351405035933388e-40 )
( 0.3975903614457831 , 2.109577355912532e-45 )
( 0.4016064257028112 , 2.624225100700121e-51 )
( 0.4056224899598393 , 4.2667804278429415e-58 )
( 0.40963855421686746 , 6.150254257700531e-66 )
( 0.41365461847389556 , 4.845064655261869e-75 )
( 0.41767068273092367 , 1.1351523432975223e-85 )
( 0.4216867469879518 , 3.649648790048064e-98 )
( 0.4257028112449799 , 5.956767678816551e-113 )
( 0.429718875502008 , 1.3520660680821963e-130 )
( 0.4337349397590361 , 7.721048577233325e-152 )
( 0.4377510040160642 , 1.1196732920384205e-177 )
( 0.4417670682730923 , 1.8016818424120104e-209 )
( 0.4457831325301204 , 4.113370205649181e-249 )
( 0.4497991967871485 , 2.677211043489142e-299 )
( 0.4538152610441767 , 0.0 )
( 0.4578313253012048 , 0.0 )
( 0.4618473895582329 , 0.0 )
( 0.465863453815261 , 0.0 )
( 0.4698795180722891 , 0.0 )
( 0.4738955823293172 , 0.0 )
( 0.47791164658634533 , 0.0 )
( 0.48192771084337344 , 0.0 )
( 0.48594377510040154 , 0.0 )
( 0.48995983935742965 , 0.0 )
( 0.4939759036144578 , 0.0 )
( 0.4979919678714859 , 0.0 )
( 0.502008032128514 , 0.0 )
( 0.5060240963855421 , 0.0 )
( 0.5100401606425702 , 0.0 )
( 0.5140562248995983 , 0.0 )
( 0.5180722891566265 , 0.0 )
( 0.5220883534136546 , 0.0 )
( 0.5261044176706827 , 0.0 )
( 0.5301204819277108 , 0.0 )
( 0.5341365461847389 , 0.0 )
( 0.538152610441767 , 0.0 )
( 0.5421686746987951 , 0.0 )
( 0.5461847389558232 , 0.0 )
( 0.5502008032128514 , 0.0 )
( 0.5542168674698794 , 0.0 )
( 0.5582329317269076 , 0.0 )
( 0.5622489959839357 , 0.0 )
( 0.5662650602409638 , 0.0 )
( 0.570281124497992 , 1.1052343707e-313 )
( 0.57429718875502 , 1.4943134327516963e-289 )
( 0.5783132530120482 , 4.1252792926265414e-266 )
( 0.5823293172690762 , 8.26864908054497e-246 )
( 0.5863453815261044 , 4.27451134553499e-228 )
( 0.5903614457831324 , 1.546010256895119e-212 )
( 0.5943775100401606 , 8.66064470850175e-199 )
( 0.5983935742971886 , 1.4243710336849817e-186 )
( 0.6024096385542168 , 1.1562235424069285e-175 )
( 0.606425702811245 , 7.09067827648613e-166 )
( 0.610441767068273 , 4.6696737874022007e-157 )
( 0.6144578313253012 , 4.4252536375850856e-149 )
( 0.6184738955823292 , 7.71160146364005e-142 )
( 0.6224899598393574 , 3.0389065954042815e-135 )
( 0.6265060240963854 , 3.227326696589991e-129 )
( 0.6305220883534136 , 1.0727714057649485e-123 )
( 0.6345381526104417 , 1.2689029325571318e-118 )
( 0.6385542168674698 , 5.964988631381214e-114 )
( 0.642570281124498 , 1.226292364370522e-109 )
( 0.646586345381526 , 1.1980822505936106e-105 )
( 0.6506024096385542 , 5.981236299801137e-102 )
( 0.6546184738955823 , 1.625915692917176e-98 )
( 0.6586345381526104 , 2.5448188391222172e-95 )
( 0.6626506024096385 , 2.4090698445803285e-92 )
( 0.6666666666666666 , 1.4407458024723557e-89 )
( 0.6706827309236947 , 5.657779398101089e-87 )
( 0.6746987951807228 , 1.5098903459794534e-84 )
( 0.6787148594377509 , 2.823506981172947e-82 )
( 0.6827309236947791 , 3.802468514387999e-80 )
( 0.6867469879518072 , 3.7794087195884852e-78 )
( 0.6907630522088353 , 2.834123653721168e-76 )
( 0.6947791164658634 , 1.6354601118729154e-74 )
( 0.6987951807228915 , 7.393001565832743e-73 )
( 0.7028112449799196 , 2.660317037652492e-71 )
( 0.7068273092369477 , 7.731619139196814e-70 )
( 0.7108433734939759 , 1.838723663916635e-68 )
( 0.7148594377510039 , 3.620842235167932e-67 )
( 0.7188755020080321 , 5.967543360586299e-66 )
( 0.7228915662650601 , 8.31140892861185e-65 )
( 0.7269076305220883 , 9.868304546010665e-64 )
( 0.7309236947791165 , 1.0067606799435097e-62 )
( 0.7349397590361445 , 8.888227119546239e-62 )
( 0.7389558232931727 , 6.834207488108665e-61 )
( 0.7429718875502007 , 4.602961051917976e-60 )
( 0.7469879518072289 , 2.7295308806855373e-59 )
( 0.7510040160642569 , 1.4315834718193571e-58 )
( 0.7550200803212851 , 6.667537840778738e-58 )
( 0.7590361445783131 , 2.767291902667134e-57 )
( 0.7630522088353413 , 1.026583455069767e-56 )
( 0.7670682730923694 , 3.4126309713365548e-56 )
( 0.7710843373493975 , 1.0187068723262301e-55 )
( 0.7751004016064257 , 2.7352087646831237e-55 )
( 0.7791164658634537 , 6.613623324065151e-55 )
( 0.7831325301204819 , 1.4412292415407282e-54 )
( 0.78714859437751 , 2.831505406359692e-54 )
( 0.7911646586345381 , 5.0146940202878624e-54 )
( 0.7951807228915662 , 8.001413588619347e-54 )
( 0.7991967871485943 , 1.149025539414199e-53 )
( 0.8032128514056224 , 1.482728555993988e-53 )
( 0.8072289156626505 , 1.7157780397821562e-53 )
( 0.8112449799196786 , 1.7757463598919998e-53 )
( 0.8152610441767068 , 1.6383598984621982e-53 )
( 0.8192771084337349 , 1.3422909800078128e-53 )
( 0.823293172690763 , 9.720267759313952e-54 )
( 0.8273092369477911 , 6.187871082196005e-54 )
( 0.8313253012048192 , 3.441012969479909e-54 )
( 0.8353413654618473 , 1.6593241171833524e-54 )
( 0.8393574297188754 , 6.880287918604567e-55 )
( 0.8433734939759036 , 2.4293558503609833e-55 )
( 0.8473895582329316 , 7.223281723619104e-56 )
( 0.8514056224899598 , 1.7855251434231177e-56 )
( 0.8554216867469878 , 3.615630745670353e-57 )
( 0.859437751004016 , 5.8969217742634506e-58 )
( 0.8634538152610441 , 7.596356768122357e-59 )
( 0.8674698795180722 , 7.556594863059446e-60 )
( 0.8714859437751004 , 5.6551258889265846e-61 )
( 0.8755020080321284 , 3.088688869062529e-62 )
( 0.8795180722891566 , 1.1883794646993052e-63 )
( 0.8835341365461846 , 3.0902541310446964e-65 )
( 0.8875502008032128 , 5.172855212500872e-67 )
( 0.8915662650602408 , 5.261948251685975e-69 )
( 0.895582329317269 , 3.0373921569551608e-71 )
( 0.899598393574297 , 9.166742850578152e-74 )
( 0.9036144578313252 , 1.3105140890890045e-76 )
( 0.9076305220883534 , 7.874021225931456e-80 )
( 0.9116465863453814 , 1.717507195795751e-83 )
( 0.9156626506024096 , 1.1352469983349577e-87 )
( 0.9196787148594376 , 1.8155612740068145e-92 )
( 0.9236947791164658 , 5.290935070545332e-98 )
( 0.9277108433734939 , 1.9576225573663366e-104 )
( 0.931726907630522 , 5.7669949997441295e-112 )
( 0.9357429718875501 , 7.338810183021395e-121 )
( 0.9397590361445782 , 1.7863218771228503e-131 )
( 0.9437751004016064 , 2.752779847898745e-144 )
( 0.9477911646586344 , 5.80000847586864e-160 )
( 0.9518072289156626 , 1.894837989525342e-179 )
( 0.9558232931726907 , 3.9929563488017825e-204 )
( 0.9598393574297188 , 4.4657291617217175e-236 )
( 0.9638554216867469 , 1.413778957717696e-278 )
( 0.967871485943775 , 0.0 )
( 0.9718875502008031 , 0.0 )
( 0.9759036144578312 , 0.0 )
( 0.9799196787148593 , 0.0 )
( 0.9839357429718875 , 0.0 )
( 0.9879518072289156 , 0.0 )
( 0.9919678714859437 , 0.0 )
( 0.9959839357429718 , 0.0 )
( 1.0 , 0.0 )


Observations: 
( 0.0 , 0.0 )
( 0.5 , -0.6392828497754256 )
( 1.0 , -0.2720105554446849 )
( 0.08178183131073205 , 0.6744943173244953 )
