2.00000000000000011e-01 1.42857142857142849e-01
4.00000000000000022e-01 2.85714285714285698e-01
5.99999999999999978e-01 4.28571428571428548e-01
8.00000000000000044e-01 5.71428571428571397e-01
4.00000000000000008e-02 7.14285714285714302e-01
2.40000000000000019e-01 8.57142857142857095e-01
4.40000000000000002e-01 2.04081632653061208e-02
6.40000000000000013e-01 1.63265306122448967e-01
8.40000000000000080e-01 3.06122448979591844e-01
8.00000000000000017e-02 4.48979591836734693e-01
2.80000000000000027e-01 5.91836734693877542e-01
4.80000000000000038e-01 7.34693877551020447e-01
6.79999999999999938e-01 8.77551020408163240e-01
8.80000000000000004e-01 4.08163265306122416e-02
1.19999999999999996e-01 1.83673469387755084e-01
3.20000000000000007e-01 3.26530612244897933e-01
5.20000000000000018e-01 4.69387755102040782e-01
7.19999999999999973e-01 6.12244897959183687e-01
9.20000000000000040e-01 7.55102040816326592e-01
1.60000000000000003e-01 8.97959183673469385e-01
3.59999999999999987e-01 6.12244897959183659e-02
5.60000000000000053e-01 2.04081632653061229e-01
7.60000000000000009e-01 3.46938775510204078e-01
9.60000000000000075e-01 4.89795918367346927e-01
8.00000000000000017e-03 6.32653061224489721e-01
2.08000000000000018e-01 7.75510204081632626e-01
4.08000000000000029e-01 9.18367346938775420e-01
6.07999999999999985e-01 8.16326530612244833e-02
8.08000000000000052e-01 2.24489795918367319e-01
4.80000000000000010e-02 3.67346938775510168e-01
2.48000000000000026e-01 5.10204081632653073e-01
4.48000000000000009e-01 6.53061224489795866e-01
6.48000000000000020e-01 7.95918367346938771e-01
8.48000000000000087e-01 9.38775510204081565e-01
8.79999999999999949e-02 1.02040816326530615e-01
2.88000000000000034e-01 2.44897959183673464e-01
4.88000000000000045e-01 3.87755102040816313e-01
6.87999999999999945e-01 5.30612244897959107e-01
8.88000000000000012e-01 6.73469387755102011e-01
1.28000000000000003e-01 8.16326530612244916e-01
3.28000000000000014e-01 9.59183673469387710e-01
5.28000000000000025e-01 1.22448979591836732e-01
7.27999999999999980e-01 2.65306122448979553e-01
9.28000000000000047e-01 4.08163265306122458e-01
1.68000000000000010e-01 5.51020408163265252e-01
3.67999999999999994e-01 6.93877551020408156e-01
5.68000000000000060e-01 8.36734693877551061e-01
7.68000000000000016e-01 9.79591836734693855e-01
9.68000000000000083e-01 2.91545189504373173e-03
1.60000000000000003e-02 1.45772594752186568e-01
2.16000000000000025e-01 2.88629737609329418e-01
4.16000000000000036e-01 4.31486880466472267e-01
6.15999999999999992e-01 5.74344023323615116e-01
8.16000000000000059e-01 7.17201166180758021e-01
5.60000000000000012e-02 8.60058309037900814e-01
2.56000000000000005e-01 2.33236151603498539e-02
4.56000000000000016e-01 1.66180758017492686e-01
6.56000000000000028e-01 3.09037900874635563e-01
8.56000000000000094e-01 4.51895043731778412e-01
9.60000000000000020e-02 5.94752186588921261e-01
2.96000000000000041e-01 7.37609329446064166e-01
4.96000000000000052e-01 8.80466472303206960e-01
6.95999999999999952e-01 4.37317784256559747e-02
8.96000000000000019e-01 1.86588921282798803e-01
1.36000000000000010e-01 3.29446064139941652e-01
3.36000000000000021e-01 4.72303206997084501e-01
5.36000000000000032e-01 6.15160349854227406e-01
7.35999999999999988e-01 7.58017492711370311e-01
9.36000000000000054e-01 9.00874635568513105e-01
1.75999999999999990e-01 6.41399416909620990e-02
3.76000000000000001e-01 2.06997084548104948e-01
5.76000000000000068e-01 3.49854227405247797e-01
7.76000000000000023e-01 4.92711370262390647e-01
9.76000000000000090e-01 6.35568513119533440e-01
2.40000000000000005e-02 7.78425655976676345e-01
2.24000000000000005e-01 9.21282798833819139e-01
4.24000000000000044e-01 8.45481049562682163e-02
6.23999999999999999e-01 2.27405247813411038e-01
8.24000000000000066e-01 3.70262390670553887e-01
6.40000000000000013e-02 5.13119533527696792e-01
2.64000000000000012e-01 6.55976676384839585e-01
4.64000000000000024e-01 7.98833819241982490e-01
6.64000000000000035e-01 9.41690962099125284e-01
8.64000000000000101e-01 1.04956268221574348e-01
1.04000000000000009e-01 2.47813411078717183e-01
3.04000000000000048e-01 3.90670553935860032e-01
5.04000000000000004e-01 5.33527696793002826e-01
7.03999999999999959e-01 6.76384839650145731e-01
9.04000000000000026e-01 8.19241982507288635e-01
1.43999999999999989e-01 9.62099125364431429e-01
3.44000000000000028e-01 1.25364431486880451e-01
5.44000000000000039e-01 2.68221574344023272e-01
7.43999999999999995e-01 4.11078717201166177e-01
9.44000000000000061e-01 5.53935860058308971e-01
1.83999999999999997e-01 6.96793002915451876e-01
3.84000000000000008e-01 8.39650145772594780e-01
5.84000000000000075e-01 9.82507288629737574e-01
7.84000000000000030e-01 5.83090379008746346e-03
9.84000000000000097e-01 1.48688046647230315e-01
3.20000000000000007e-02 2.91545189504373137e-01
2.32000000000000012e-01 4.34402332361515986e-01
4.32000000000000051e-01 5.77259475218658835e-01
6.32000000000000006e-01 7.20116618075801740e-01
8.32000000000000073e-01 8.62973760932944534e-01
7.20000000000000084e-02 2.62390670553935834e-02
2.72000000000000020e-01 1.69096209912536433e-01
4.71999999999999975e-01 3.11953352769679282e-01
6.72000000000000042e-01 4.54810495626822131e-01
8.72000000000000108e-01 5.97667638483964980e-01
1.12000000000000002e-01 7.40524781341107885e-01
3.12000000000000055e-01 8.83381924198250679e-01
5.12000000000000011e-01 4.66472303206997077e-02
7.11999999999999966e-01 1.89504373177842550e-01
9.12000000000000033e-01 3.32361516034985371e-01
1.51999999999999996e-01 4.75218658892128221e-01
3.51999999999999980e-01 6.18075801749271125e-01
5.52000000000000046e-01 7.60932944606414030e-01
7.52000000000000002e-01 9.03790087463556824e-01
9.52000000000000068e-01 6.70553935860058320e-02
1.92000000000000004e-01 2.09912536443148695e-01
3.92000000000000015e-01 3.52769679300291517e-01
5.92000000000000082e-01 4.95626822157434366e-01
7.92000000000000037e-01 6.38483965014577159e-01
9.92000000000000104e-01 7.81341107871720064e-01
1.60000000000000008e-03 9.24198250728862858e-01
2.01600000000000001e-01 8.74635568513119493e-02
4.01600000000000013e-01 2.30320699708454785e-01
6.01600000000000024e-01 3.73177842565597606e-01
8.01600000000000090e-01 5.16034985422740511e-01
4.15999999999999981e-02 6.58892128279883305e-01
2.41600000000000009e-01 8.01749271137026209e-01
4.41599999999999993e-01 9.44606413994169003e-01
6.41600000000000059e-01 1.07871720116618081e-01
8.41600000000000126e-01 2.50728862973760902e-01
8.16000000000000059e-02 3.93586005830903751e-01
2.81600000000000017e-01 5.36443148688046545e-01
4.81600000000000028e-01 6.79300291545189450e-01
6.81599999999999984e-01 8.22157434402332354e-01
8.81600000000000050e-01 9.65014577259475148e-01
1.21600000000000000e-01 1.28279883381924198e-01
3.21599999999999997e-01 2.71137026239066992e-01
5.21600000000000064e-01 4.13994169096209896e-01
7.21600000000000019e-01 5.56851311953352690e-01
9.21600000000000086e-01 6.99708454810495595e-01
1.61599999999999994e-01 8.42565597667638500e-01
3.61599999999999977e-01 9.85422740524781293e-01
5.61600000000000099e-01 8.74635568513119563e-03
7.61600000000000055e-01 1.51603498542274034e-01
9.61600000000000121e-01 2.94460641399416911e-01
9.60000000000000089e-03 4.37317784256559761e-01
2.09600000000000009e-01 5.80174927113702554e-01
4.09600000000000020e-01 7.23032069970845459e-01
6.09600000000000031e-01 8.65889212827988253e-01
8.09600000000000097e-01 2.91545189504373164e-02
4.95999999999999983e-02 1.72011661807580152e-01
2.49600000000000016e-01 3.14868804664723057e-01
4.49600000000000000e-01 4.57725947521865906e-01
6.49600000000000066e-01 6.00583090379008699e-01
8.49600000000000133e-01 7.43440233236151604e-01
8.95999999999999991e-02 8.86297376093294398e-01
2.89600000000000024e-01 4.95626822157434338e-02
4.89600000000000035e-01 1.92419825072886269e-01
6.89599999999999991e-01 3.35276967930029146e-01
8.89600000000000057e-01 4.78134110787171995e-01
1.29599999999999993e-01 6.20991253644314845e-01
3.29600000000000004e-01 7.63848396501457749e-01
5.29600000000000071e-01 9.06705539358600543e-01
7.29600000000000026e-01 6.99708454810495650e-02
9.29600000000000093e-01 2.12827988338192414e-01
1.69600000000000001e-01 3.55685131195335291e-01
3.69599999999999984e-01 4.98542274052478140e-01
5.69600000000000106e-01 6.41399416909620879e-01
7.69600000000000062e-01 7.84256559766763783e-01
9.69600000000000128e-01 9.27113702623906577e-01
1.76000000000000011e-02 9.03790087463556824e-02
2.17600000000000016e-01 2.33236151603498504e-01
4.17600000000000027e-01 3.76093294460641381e-01
6.17600000000000038e-01 5.18950437317784230e-01
8.17600000000000104e-01 6.61807580174927024e-01
5.75999999999999984e-02 8.04664723032069928e-01
2.57599999999999996e-01 9.47521865889212722e-01
4.57600000000000007e-01 1.10787172011661814e-01
6.57600000000000073e-01 2.53644314868804677e-01
8.57600000000000140e-01 3.96501457725947526e-01
9.76000000000000062e-02 5.39358600583090264e-01
2.97600000000000031e-01 6.82215743440233169e-01
4.97600000000000042e-01 8.25072886297376074e-01
6.97599999999999998e-01 9.67930029154518867e-01
8.97600000000000064e-01 1.31195335276967917e-01
1.37600000000000000e-01 2.74052478134110766e-01
3.37600000000000011e-01 4.16909620991253671e-01
5.37600000000000078e-01 5.59766763848396409e-01
7.37600000000000033e-01 7.02623906705539314e-01
9.37600000000000100e-01 8.45481049562682219e-01
1.77599999999999980e-01 9.88338192419825012e-01
3.77599999999999991e-01 1.16618075801749269e-02
5.77600000000000113e-01 1.54518950437317781e-01
7.77600000000000069e-01 2.97376093294460631e-01
9.77600000000000136e-01 4.40233236151603480e-01
2.56000000000000012e-02 5.83090379008746273e-01
2.25599999999999995e-01 7.25947521865889178e-01
4.25600000000000034e-01 8.68804664723031972e-01
6.25600000000000045e-01 3.20699708454810495e-02
8.25600000000000112e-01 1.74927113702623899e-01
6.56000000000000055e-02 3.17784256559766776e-01
2.65600000000000003e-01 4.60641399416909625e-01
4.65600000000000014e-01 6.03498542274052419e-01
6.65600000000000080e-01 7.46355685131195323e-01
8.65600000000000147e-01 8.89212827988338117e-01
1.05600000000000013e-01 5.24781341107871668e-02
3.05600000000000038e-01 1.95335276967930016e-01
5.05600000000000049e-01 3.38192419825072865e-01
7.05600000000000005e-01 4.81049562682215714e-01
9.05600000000000072e-01 6.23906705539358564e-01
1.45599999999999979e-01 7.66763848396501468e-01
3.45600000000000018e-01 9.09620991253644262e-01
5.45600000000000085e-01 7.28862973760932981e-02
7.45600000000000041e-01 2.15743440233236161e-01
9.45600000000000107e-01 3.58600583090379010e-01
1.85599999999999987e-01 5.01457725947521804e-01
3.85599999999999998e-01 6.44314868804664598e-01
5.85600000000000120e-01 7.87172011661807502e-01
7.85600000000000076e-01 9.30029154518950296e-01
9.85600000000000143e-01 9.32944606413994154e-02
3.35999999999999979e-02 2.36151603498542251e-01
2.33600000000000002e-01 3.79008746355685100e-01
4.33600000000000041e-01 5.21865889212827949e-01
6.33600000000000052e-01 6.64723032069970743e-01
8.33600000000000119e-01 8.07580174927113648e-01
7.36000000000000126e-02 9.50437317784256441e-01
2.73600000000000010e-01 1.13702623906705547e-01
4.73599999999999965e-01 2.56559766763848396e-01
6.73600000000000088e-01 3.99416909620991245e-01
8.73600000000000154e-01 5.42274052478133983e-01
1.13600000000000007e-01 6.85131195335276888e-01
3.13600000000000045e-01 8.27988338192419793e-01
5.13600000000000056e-01 9.70845481049562586e-01
7.13600000000000012e-01 1.34110787172011664e-01
9.13600000000000079e-01 2.76967930029154485e-01
1.53599999999999987e-01 4.19825072886297390e-01
3.53599999999999970e-01 5.62682215743440128e-01
5.53600000000000092e-01 7.05539358600583033e-01
7.53600000000000048e-01 8.48396501457725938e-01
9.53600000000000114e-01 9.91253644314868732e-01
1.93599999999999994e-01 1.45772594752186582e-02
3.93600000000000005e-01 1.57434402332361500e-01
5.93600000000000128e-01 3.00291545189504350e-01
7.93600000000000083e-01 4.43148688046647199e-01
9.93600000000000150e-01 5.86005830903790104e-01
3.20000000000000015e-03 7.28862973760933008e-01
2.03200000000000019e-01 8.71720116618075802e-01
4.03200000000000003e-01 3.49854227405247825e-02
6.03199999999999958e-01 1.77842565597667618e-01
8.03200000000000025e-01 3.20699708454810495e-01
4.32000000000000023e-02 4.63556851311953344e-01
2.43200000000000027e-01 6.06413994169096249e-01
